javac -cp src src/ca/ipredict/controllers/MainController.java
java -cp src ca.ipredict.controllers.MainController ./datasets

---BMS---
Number of sequences : 	4865
Number of distinct items: 	494
Largest item id: 	60977
Itemsets per sequence: 	11.227954779033915
Distinct item per sequence: 	11.227954779033915
Occurences for each item: 	1.0
Size of the dataset in MB: 	19460.218496

Memory history: 69 71 71 74 74 77 77 79 79 82 82 84 84 87 128 48 90 131 46 87 128 45 85 126 42 83 124 165 135 522 931 444 150 743 583 673 251 579 83 186 121 247 247 253 349 349 349 144 144 150 237 237 243 336 336 342 141 141 147 237 237 237 327 327 332 144 144 144 242 242 242 62 62 67 157 157 162 251 251 256 87 87 92 179 179 184 184 184 184 184 184 189 189 189 189 189 189 189 95 238 374 183 304 425 173 293 404 525 179 303 416 540 563 586 608 631 111 138 152 179 206 220 247 275 288 316 316 
Max memory used: 931mb
Execution time: 96 seconds
		DG	TDAG	CPT+	CPT	Mark1	AKOM	LZ78	
Success   	36.382	59.578	34.638	36.416	31.385	31.406	32.456
Failure   	63.618	40.422	65.362	63.584	68.615	68.594	67.544
No Match  	00.000	88.304	0.781	0.206	0.123	0.123	00.000
Too Small	00.000	00.000	00.000	00.000	00.000	00.000	00.000
Overall   	36.382	6.968	34.368	36.341	31.346	31.367	32.456
Size (MB)	0.207	5.699	0.377	0.641	0.075	1.07	0.234
Train Tim	0.019	0.045	0.102	0.005	0.003	0.065	0.017
Test Time	00.000	00.000	6.469	0.077	0.001	00.000	0.002


---SIGN---
Number of sequences : 	730
Number of distinct items: 	267
Largest item id: 	310
Itemsets per sequence: 	93.0041095890411
Distinct item per sequence: 	51.99452054794521
Occurences for each item: 	1.78872905469491
Size of the dataset in MB: 	2920.271572

Memory history: 69 71 71 74 74 77 77 79 79 82 82 84 84 87 128 48 90 131 46 87 128 45 85 126 42 83 124 165 135 522 931 444 150 743 583 673 251 579 83 186 121 247 247 253 349 349 349 144 144 150 237 237 243 336 336 342 141 141 147 237 237 237 327 327 332 144 144 144 242 242 242 62 62 67 157 157 162 251 251 256 87 87 92 179 179 184 184 184 184 184 184 189 189 189 189 189 189 189 95 238 374 183 304 425 173 293 404 525 179 303 416 540 563 586 608 631 111 138 152 179 206 220 247 275 288 316 316 329 329 329 329 329 329 329 343 343 343 343 343 343 343 452 562 659 768 212 312 427 527 627 743 842 248 348 448 648 809 989 1149 221 391 585 755 949 1118 1289 277 447 641 641 641 641 641 641 641 641 641 665 665 665 665 665 665 665 665 690 690 690 690 690 690 690 714 714 714 714 714 714 714 714 714 738 738 738 738 738 738 762 762 762 762 762 762 762 762 762 762 762 762 762 762 762 762 762 762 956 1126 1296 260 433 606 779 953 1126 1299 1472 220 393 567 595 624 624 653 682 711 740 769 769 798 826 855 884 913 913 
Max memory used: 1472mb
Execution time: 12 seconds
		DG	TDAG	CPT+	CPT	Mark1	AKOM	LZ78	
Success   	5.333	25	2.762	3.194	10.137	11.781	9.041
Failure   	94.667	75	97.238	96.806	89.863	88.219	90.959
No Match  	38.356	99.452	0.822	1.37	00.000	00.000	00.000
Too Small	00.000	00.000	00.000	00.000	00.000	00.000	00.000
Overall   	3.288	0.137	2.74	3.151	10.137	11.781	9.041
Size (MB)	0.208	8.768	0.032	0.092	0.12	2.68	0.365
Train Tim	0.038	0.091	0.054	00.000	0.003	0.101	0.013
Test Time	00.000	00.000	0.586	0.008	00.000	00.000	0.001


---MSNBC---
Number of sequences : 	5000
Number of distinct items: 	17
Largest item id: 	17
Itemsets per sequence: 	9.4508
Distinct item per sequence: 	4.4796
Occurences for each item: 	2.109741941244754
Size of the dataset in MB: 	20000.189016

Memory history: 69 71 71 74 74 77 77 79 79 82 82 84 84 87 128 48 90 131 46 87 128 45 85 126 42 83 124 165 135 522 931 444 150 743 583 673 251 579 83 186 121 247 247 253 349 349 349 144 144 150 237 237 243 336 336 342 141 141 147 237 237 237 327 327 332 144 144 144 242 242 242 62 62 67 157 157 162 251 251 256 87 87 92 179 179 184 184 184 184 184 184 189 189 189 189 189 189 189 95 238 374 183 304 425 173 293 404 525 179 303 416 540 563 586 608 631 111 138 152 179 206 220 247 275 288 316 316 329 329 329 329 329 329 329 343 343 343 343 343 343 343 452 562 659 768 212 312 427 527 627 743 842 248 348 448 648 809 989 1149 221 391 585 755 949 1118 1289 277 447 641 641 641 641 641 641 641 641 641 665 665 665 665 665 665 665 665 690 690 690 690 690 690 690 714 714 714 714 714 714 714 714 714 738 738 738 738 738 738 762 762 762 762 762 762 762 762 762 762 762 762 762 762 762 762 762 762 956 1126 1296 260 433 606 779 953 1126 1299 1472 220 393 567 595 624 624 653 682 711 740 769 769 798 826 855 884 913 913 942 942 942 942 942 942 942 942 942 942 942 942 942 942 971 1000 1028 1057 1086 1115 1144 1173 1202 1231 1231 1260 1289 1317 1981 901 977 916 272 580 390 199 209 247 196 231 244 211 211 214 255 255 259 459 459 466 326 326 326 345 345 350 410 410 415 267 267 267 347 347 347 255 255 255 397 403 403 469 469 476 470 470 470 459 459 459 219 219 225 376 376 382 382 382 382 382 382 382 382 382 382 388 388 388 449 511 265 331 390 450 515 280 337 400 463 241 301 362 382 403 416 436 457 470 490 511 524 544 233 249 265 281 281 
Max memory used: 1981mb
Execution time: 153 seconds
		DG	TDAG	CPT+	CPT	Mark1	AKOM	LZ78	
Success   	23.5	55.534	33.213	34.14	31.7	44.58	36.92
Failure   	76.5	44.466	66.787	65.86	68.3	55.42	63.08
No Match  	00.000	47.6	0.1	00.000	00.000	00.000	00.000
Too Small	00.000	00.000	00.000	00.000	00.000	00.000	00.000
Overall   	23.5	29.1	33.18	34.14	31.7	44.58	36.92
Size (MB)	0.002	4.58	0.108	0.26	0.002	0.361	0.115
Train Tim	0.005	0.017	0.06	0.002	0.001	0.035	0.009
Test Time	00.000	0.001	9.987	0.903	00.000	00.000	0.002


---BIBLE_WORD---
Number of sequences : 	4762
Number of distinct items: 	5403
Largest item id: 	5433
Itemsets per sequence: 	21.182486350272995
Distinct item per sequence: 	17.14279714405712
Occurences for each item: 	1.2356493617855306
Size of the dataset in MB: 	19048.403484

Memory history: 69 71 71 74 74 77 77 79 79 82 82 84 84 87 128 48 90 131 46 87 128 45 85 126 42 83 124 165 135 522 931 444 150 743 583 673 251 579 83 186 121 247 247 253 349 349 349 144 144 150 237 237 243 336 336 342 141 141 147 237 237 237 327 327 332 144 144 144 242 242 242 62 62 67 157 157 162 251 251 256 87 87 92 179 179 184 184 184 184 184 184 189 189 189 189 189 189 189 95 238 374 183 304 425 173 293 404 525 179 303 416 540 563 586 608 631 111 138 152 179 206 220 247 275 288 316 316 329 329 329 329 329 329 329 343 343 343 343 343 343 343 452 562 659 768 212 312 427 527 627 743 842 248 348 448 648 809 989 1149 221 391 585 755 949 1118 1289 277 447 641 641 641 641 641 641 641 641 641 665 665 665 665 665 665 665 665 690 690 690 690 690 690 690 714 714 714 714 714 714 714 714 714 738 738 738 738 738 738 762 762 762 762 762 762 762 762 762 762 762 762 762 762 762 762 762 762 956 1126 1296 260 433 606 779 953 1126 1299 1472 220 393 567 595 624 624 653 682 711 740 769 769 798 826 855 884 913 913 942 942 942 942 942 942 942 942 942 942 942 942 942 942 971 1000 1028 1057 1086 1115 1144 1173 1202 1231 1231 1260 1289 1317 1981 901 977 916 272 580 390 199 209 247 196 231 244 211 211 214 255 255 259 459 459 466 326 326 326 345 345 350 410 410 415 267 267 267 347 347 347 255 255 255 397 403 403 469 469 476 470 470 470 459 459 459 219 219 225 376 376 382 382 382 382 382 382 382 382 382 382 388 388 388 449 511 265 331 390 450 515 280 337 400 463 241 301 362 382 403 416 436 457 470 490 511 524 544 233 249 265 281 281 314 314 322 330 330 338 338 346 354 354 362 362 370 378 498 624 365 487 619 111 245 369 492 626 220 355 476 609 393 1245 803 334 949 210 752 1167 521 858 185 860 1380 679 679 705 835 835 835 991 991 991 1121 1121 1147 1277 1277 1277 139 139 139 295 295 295 425 425 451 581 581 581 737 737 737 867 867 867 1023 1023 1023 1179 1179 1179 1335 1335 1335 165 165 165 165 165 191 191 191 191 191 191 191 191 191 191 425 659 893 1127 1361 315 549 783 1016 1250 242 477 711 944 996 1048 1100 1152 1204 1230 1282 1334 1386 1438 1489 306 360 414 414 
Max memory used: 1981mb
Execution time: 1392 seconds
		DG	TDAG	CPT+	CPT	Mark1	AKOM	LZ78	
Success   	5.714	82.13	21.447	21.347	11.36	33.739	18.438
Failure   	94.286	17.87	78.553	78.653	88.64	66.261	81.562
No Match  	0.042	82.843	0.42	13.923	1.659	1.659	00.000
Too Small	00.000	00.000	00.000	00.000	00.000	00.000	00.000
Overall   	5.712	14.091	21.357	18.375	11.172	33.179	18.438
Size (MB)	0.936	11.966	2.077	2.451	0.269	3.197	0.524
Train Tim	0.208	0.122	0.224	0.009	0.006	0.154	0.022
Test Time	0.001	0.001	101.137	0.139	0.001	0.001	0.015


---BIBLE_CHAR---
Number of sequences : 	5000
Number of distinct items: 	74
Largest item id: 	122
Itemsets per sequence: 	133.01
Distinct item per sequence: 	26.0638
Occurences for each item: 	5.1032466486084145
Size of the dataset in MB: 	20002.6602

Memory history: 69 71 71 74 74 77 77 79 79 82 82 84 84 87 128 48 90 131 46 87 128 45 85 126 42 83 124 165 135 522 931 444 150 743 583 673 251 579 83 186 121 247 247 253 349 349 349 144 144 150 237 237 243 336 336 342 141 141 147 237 237 237 327 327 332 144 144 144 242 242 242 62 62 67 157 157 162 251 251 256 87 87 92 179 179 184 184 184 184 184 184 189 189 189 189 189 189 189 95 238 374 183 304 425 173 293 404 525 179 303 416 540 563 586 608 631 111 138 152 179 206 220 247 275 288 316 316 329 329 329 329 329 329 329 343 343 343 343 343 343 343 452 562 659 768 212 312 427 527 627 743 842 248 348 448 648 809 989 1149 221 391 585 755 949 1118 1289 277 447 641 641 641 641 641 641 641 641 641 665 665 665 665 665 665 665 665 690 690 690 690 690 690 690 714 714 714 714 714 714 714 714 714 738 738 738 738 738 738 762 762 762 762 762 762 762 762 762 762 762 762 762 762 762 762 762 762 956 1126 1296 260 433 606 779 953 1126 1299 1472 220 393 567 595 624 624 653 682 711 740 769 769 798 826 855 884 913 913 942 942 942 942 942 942 942 942 942 942 942 942 942 942 971 1000 1028 1057 1086 1115 1144 1173 1202 1231 1231 1260 1289 1317 1981 901 977 916 272 580 390 199 209 247 196 231 244 211 211 214 255 255 259 459 459 466 326 326 326 345 345 350 410 410 415 267 267 267 347 347 347 255 255 255 397 403 403 469 469 476 470 470 470 459 459 459 219 219 225 376 376 382 382 382 382 382 382 382 382 382 382 388 388 388 449 511 265 331 390 450 515 280 337 400 463 241 301 362 382 403 416 436 457 470 490 511 524 544 233 249 265 281 281 314 314 322 330 330 338 338 346 354 354 362 362 370 378 498 624 365 487 619 111 245 369 492 626 220 355 476 609 393 1245 803 334 949 210 752 1167 521 858 185 860 1380 679 679 705 835 835 835 991 991 991 1121 1121 1147 1277 1277 1277 139 139 139 295 295 295 425 425 451 581 581 581 737 737 737 867 867 867 1023 1023 1023 1179 1179 1179 1335 1335 1335 165 165 165 165 165 191 191 191 191 191 191 191 191 191 191 425 659 893 1127 1361 315 549 783 1016 1250 242 477 711 944 996 1048 1100 1152 1204 1230 1282 1334 1386 1438 1489 306 360 414 414 441 441 441 441 441 441 441 441 441 441 441 441 441 441 792 1115 1466 491 842 1165 1516 543 858 1202 1546 505 821 1165 775 -1805 1404 2032 335 241 587 544 -1465 -1947 1500 619 -2030 577 577 577 1498 1498 1498 -1730 -1730 -1730 579 579 579 1392 1392 1446 -1782 -1782 -1782 474 474 474 1345 1345 1345 -1880 -1880 -1880 367 367 367 1238 1238 1238 -1987 -1987 -1987 314 314 314 1184 1184 1184 -2041 -1987 -1987 -1987 -1987 -1987 -1987 -1933 -1933 -1933 -1933 -1933 -1933 -1878 -1878 880 -1802 1000 -1698 1132 -1566 1238 -1473 1352 -1358 1504 -1211 1604 404 615 827 1091 1303 1514 1778 1990 -1893 -1629 -1418 -1206 460 725 936 936 
Max memory used: 2032mb
Execution time: 637 seconds
		DG	TDAG	CPT+	CPT	Mark1	AKOM	LZ78	
Success   	00.000	8.506	75.32	74.195	0.1	7.822	2.74
Failure   	100	91.494	24.68	25.805	99.9	92.178	97.26
No Match  	1.46	10.18	00.000	0.02	0.02	0.02	00.000
Too Small	00.000	00.000	00.000	00.000	00.000	00.000	00.000
Overall   	00.000	7.64	75.32	74.18	0.1	7.82	2.74
Size (MB)	0.023	87.237	0.119	0.278	0.009	1.684	1.39
Train Tim	0.163	0.365	0.376	0.004	0.021	0.952	0.209
Test Time	0.001	00.000	42.442	0.713	00.000	00.000	0.004


---KOSARAK---
Number of sequences : 	45000
Number of distinct items: 	21940
Largest item id: 	27226
Itemsets per sequence: 	22.11862222222222
Distinct item per sequence: 	22.11851111111111
Occurences for each item: 	1.000005023444415
Size of the dataset in MB: 	180003.981352

javac -cp src src/ca/ipredict/controllers/MainController.java
java -cp src ca.ipredict.controllers.MainController ./datasets

---KOSARAK---
Number of sequences : 	45000
Number of distinct items: 	21940
Largest item id: 	27226
Itemsets per sequence: 	22.11862222222222
Distinct item per sequence: 	22.11851111111111
Occurences for each item: 	1.000005023444415
Size of the dataset in MB: 	180003.981352

