javac -cp src src/ca/ipredict/controllers/MainController.java
java -cp src ca.ipredict.controllers.MainController ./datasets

---KOSARAK---
Number of sequences : 	45000
Number of distinct items: 	21940
Largest item id: 	27226
Itemsets per sequence: 	22.11862222222222
Distinct item per sequence: 	22.11851111111111
Occurences for each item: 	1.000005023444415
Size of the dataset in MB: 	180003.981352

Memory history: 69 104 141 178 99 139 173 208 248 282 122 157 196 231 800 1694 835 874 1649 832 872 908 821 1596 898 1540 839 1585 1069 1375 1669 1989 -1788 1330 1547 2018 1796 1195 1332 1465 1573 1934 1934 -1996 1818 1818 1990 -1428 -1428 -1271 -1077 -1077 -1940 1225 1225 1380 1630 1630 1787 1969 1969 1212 1483 1483 1645 2043 2043 -1904 -1885 -1885 1229 2022 2022 -1925 -2020 -2020 -1849 -1838 -1838 1244 2038 2038 -1889 1754 1775 1796 1817 1839 1860 1860 1881 1903 1924 1945 1967 1967 1988 2009 1987 -1805 -1404 1611 -1777 1814 -1559 1647 -1767 1826 -1665 1862 -1691 1780 1838 -1655 -1915 2032 1847 1675 -1825 -2024 1925 1755 -1763 -2009 1939 1725 1725 
Max memory used: 2043mb
Execution time: 886653 seconds
		DG	TDAG	CPT+	CPT	Mark1	AKOM	LZ78	
Success   	19.493	22.272	20.313	21.371	17.064	14.542	15.538
Failure   	80.507	77.728	79.687	78.629	82.936	85.458	84.462
No Match  	2.098	97.027	0.336	8.902	1.651	1.651	00.000
Too Small	00.000	00.000	00.000	00.000	00.000	00.000	00.000
Overall   	19.084	0.662	20.244	19.469	16.782	14.302	15.538
Size (MB)	7.008	118.129	90.12	92.935	1.955	29.061	4.731
Train Tim	13.273	2.605	17.894	1.278	0.128	5.14	0.418
Test Time	0.035	0.005	66393.094	18.073	0.03	0.013	0.558


---FIFA---
Number of sequences : 	5000
Number of distinct items: 	2612
Largest item id: 	2775
Itemsets per sequence: 	40.1966
Distinct item per sequence: 	38.6178
Occurences for each item: 	1.0408827017592923
Size of the dataset in MB: 	20000.803932

Memory history: 69 104 141 178 99 139 173 208 248 282 122 157 196 231 800 1694 835 874 1649 832 872 908 821 1596 898 1540 839 1585 1069 1375 1669 1989 -1788 1330 1547 2018 1796 1195 1332 1465 1573 1934 1934 -1996 1818 1818 1990 -1428 -1428 -1271 -1077 -1077 -1940 1225 1225 1380 1630 1630 1787 1969 1969 1212 1483 1483 1645 2043 2043 -1904 -1885 -1885 1229 2022 2022 -1925 -2020 -2020 -1849 -1838 -1838 1244 2038 2038 -1889 1754 1775 1796 1817 1839 1860 1860 1881 1903 1924 1945 1967 1967 1988 2009 1987 -1805 -1404 1611 -1777 1814 -1559 1647 -1767 1826 -1665 1862 -1691 1780 1838 -1655 -1915 2032 1847 1675 -1825 -2024 1925 1755 -1763 -2009 1939 1725 1725 1775 1775 1775 1775 1791 1791 1791 1791 1807 1807 1807 1807 1824 1824 -2007 -1745 1880 -1954 -1693 1867 -1966 -1701 1859 -1976 -1712 1881 -1952 -1690 -1734 -1781 -1748 -1705 1858 1922 1926 1895 1927 2020 -1921 -1872 -1798 1859 1859 1859 1978 1978 1990 -1998 -1998 -1986 -1878 -1878 -1866 -1747 -1747 -1747 1865 1865 1877 1997 1997 2009 -1978 -1978 -1966 -1858 -1858 -1846 -1738 -1738 -1725 1877 1877 1889 2009 2009 2021 -1966 -1966 -1954 -1846 -1846 -1834 -1714 -1714 -1701 -1701 -1701 -1701 -1689 -1689 -1689 -1689 -1689 -1677 -1677 -1677 -1677 -1785 -1871 -1964 2027 -1581 -1806 -1930 2039 -1567 -1836 -1963 -1482 -1781 -1930 -1871 -1797 -1738 -1679 -1604 -1545 -1486 2011 -2025 -1951 -1892 -1832 -1758 -1699 -1699 
Max memory used: 2043mb
Execution time: 97 seconds
		DG	TDAG	CPT+	CPT	Mark1	AKOM	LZ78	
Success   	25.211	61.409	38.02	37.249	23.372	26.356	24.006
Failure   	74.789	38.591	61.98	62.751	76.628	73.644	75.994
No Match  	0.32	87.72	3.48	4.12	0.46	0.46	00.000
Too Small	0.36	0.36	0.36	0.36	0.36	0.36	0.36
Overall   	25.04	7.32	36.56	35.58	23.18	26.14	23.92
Size (MB)	0.839	25.396	1.333	1.725	0.327	6.568	1.009
Train Tim	0.153	0.316	0.638	0.017	0.016	0.499	0.062
Test Time	0.001	0.001	5.065	0.128	0.001	0.001	0.007

