185 185 
116 165 
429 226 
26 96 
109 869 
136 376 
118 117 
117 131 
154 313 
376 376 
57 31 
47 155 
254 254 
533 499 
118 118 
26 96 
98 117 
133 133 
185 185 
425 638 
133 2503 
95 56 
14 303 
82 26 
148 360 
80 80 
94 94 
70 117 
366 2041 
13 67 
3 461 
746 721 
507 5 
24 57 
28 182 
2 31 
148 811 
313 86 
618 618 
63 1775 
381 381 
499 387 
32 32 
420 80 
100 100 
80 80 
24 36 
225 192 
1 67 
37 147 
67 70 
266 512 
118 124 
98 118 
182 325 
322 322 
103 675 
715 721 
118 118 
166 121 
701 73 
36 21 
248 298 
54 281 
448 448 
118 68 
28 958 
32 32 
383 341 
32 2 
28 112 
28 554 
5 5 
148 148 
98 24 
82 67 
118 24 
662 662 
1024 249 
103 754 
684 466 
192 192 
204 81 
30 57 
1026 1039 
958 737 
45 33 
47 47 
31 27 
664 1317 
31 67 
14 55 
17 17 
24 48 
443 487 
24 37 
131 131 
47 47 
13 8 
118 70 
59 59 
90 90 
15 15 
33 135 
133 161 
161 650 
420 420 
33 45 
131 59 
97 24 
192 253 
30 8 
97 82 
32 32 
8 8 
95 95 
103 427 
145 145 
96 30 
28 28 
147 147 
