javac -cp ".:simmetrics-core-4.1.1-jar-with-dependencies.jar:src" src/ca/ipredict/controllers/MainController.java
#javac -cp src src/ca/ipredict/controllers/MainController.java
java -cp ".:simmetrics-core-4.1.1-jar-with-dependencies.jar:src" ca.ipredict.controllers.MainController ./datasets
Current Predictor: CPT_App_0
Current Predictor: CPT_App_1
Current Predictor: CPT_App_2
Current Predictor: CPT_App_3
Current Predictor: CPT_App_4
Current Predictor: CPT_App_5
Current Predictor: CPT_App_6
Current Predictor: CPT_App_7
Current Predictor: CPT_App_8
Current Predictor: CPT_App_9
Current Predictor: CPT_App_10
Current Predictor: CPT_App_11
Current Predictor: CPT_App_12
Current Predictor: CPT_App_13
Current Predictor: CPT_App_14
Current Predictor: CPT_App_15
Current Predictor: CPT_App_16
Current Predictor: CPT_App_17
Current Predictor: CPT_App_18
Current Predictor: CPT_App_19

---BMS---
Number of sequences : 	4865
Number of distinct items: 	494
Largest item id: 	60977
Itemsets per sequence: 	11.227954779033915
Distinct item per sequence: 	11.227954779033915
Occurences for each item: 	1.0
Size of the dataset in MB: 	19460.218496

Memory history: 87 52 27 31 33 49 26 45 37 66 67 70 43 50 82 74 63 54 70 88 61 76 95 83 104 101 102 113 121 101 97 121 106 123 103 128 105 125 111 147 136 126 161 124 179 149 142 167 162 188 163 154 191 190 206 179 190 220 233 177 192 191 185 216 233 232 198 229 239 240 266 238 212 238 217 235 234 272 247 293 303 230 242 236 292 302 253 271 270 259 264 315 304 268 279 282 318 309 293 310 310 317 324 342 313 294 291 305 344 312 312 309 334 357 323 362 384 371 338 374 342 386 412 397 377 393 37 29 44 65 72 42 63 55 64 86 68 95 92 75 93 105 118 91 117 86 94 90 94 103 130 116 139 106 140 149 122 127 115 124 139 127 133 143 166 170 172 161 172 183 183 202 154 176 160 64 37 45 58 59 75 117 74 59 75 60 72 97 75 76 97 75 102 111 91 127 124 134 128 140 133 134 113 146 129 166 150 144 138 178 159 175 191 157 157 184 202 48 73 40 62 70 58 58 83 114 102 70 82 102 75 94 112 104 119 119 127 124 117 147 142 118 132 144 143 141 142 149 155 134 148 154 177 144 209 167 189 218 213 69 49 67 49 67 66 78 75 71 81 68 102 79 115 125 111 104 114 112 97 117 117 
Max memory used: 412mb
Execution time: 3020 seconds
		CPT_App_0	CPT_App_1	CPT_App_2	CPT_App_3	CPT_App_4	CPT_App_5	CPT_App_6	CPT_App_7	CPT_App_8	CPT_App_9	CPT_App_10	CPT_App_11	CPT_App_12	CPT_App_13	CPT_App_14	CPT_App_15	CPT_App_16	CPT_App_17	CPT_App_18	CPT_App_19	
Success   	27.432	29.262	30.002	30.598	31.071	31.359	31.709	31.956	32.285	32.346	32.367	32.408	32.655	32.634	32.84	33.025	33.148	33.231	33.416	33.518
Failure   	72.568	70.738	69.998	69.402	68.929	68.641	68.291	68.044	67.715	67.654	67.633	67.592	67.345	67.366	67.16	66.975	66.852	66.769	66.584	66.482
No Match  	0.041	0.041	0.041	0.041	0.041	0.041	0.041	0.041	0.041	0.041	0.041	0.041	0.041	0.041	0.041	0.041	0.041	0.041	0.041	0.041
Too Small	00.000	00.000	00.000	00.000	00.000	00.000	00.000	00.000	00.000	00.000	00.000	00.000	00.000	00.000	00.000	00.000	00.000	00.000	00.000	00.000
Overall   	27.42	29.25	29.99	30.586	31.059	31.346	31.696	31.942	32.271	32.333	32.354	32.395	32.641	32.621	32.826	33.011	33.135	33.217	33.402	33.505
Size (MB)	0.385	0.385	0.385	0.385	0.385	0.385	0.385	0.385	0.385	0.385	0.385	0.385	0.385	0.385	0.385	0.385	0.385	0.385	0.385	0.385
Train Tim	0.026	0.02	0.031	0.017	0.018	0.017	0.029	0.018	0.019	0.018	0.018	0.017	0.018	0.018	0.02	0.018	0.019	0.018	0.018	0.017
Test Time	7.109	8.681	9.299	8.836	9.573	10.957	11.502	12.279	10.591	10.641	11.824	12.192	13.814	12.187	11.344	12.421	13.061	12.734	12.749	12.896


---SIGN---
Number of sequences : 	730
Number of distinct items: 	267
Largest item id: 	310
Itemsets per sequence: 	93.0041095890411
Distinct item per sequence: 	51.99452054794521
Occurences for each item: 	1.78872905469491
Size of the dataset in MB: 	2920.271572

Memory history: 87 52 27 31 33 49 26 45 37 66 67 70 43 50 82 74 63 54 70 88 61 76 95 83 104 101 102 113 121 101 97 121 106 123 103 128 105 125 111 147 136 126 161 124 179 149 142 167 162 188 163 154 191 190 206 179 190 220 233 177 192 191 185 216 233 232 198 229 239 240 266 238 212 238 217 235 234 272 247 293 303 230 242 236 292 302 253 271 270 259 264 315 304 268 279 282 318 309 293 310 310 317 324 342 313 294 291 305 344 312 312 309 334 357 323 362 384 371 338 374 342 386 412 397 377 393 37 29 44 65 72 42 63 55 64 86 68 95 92 75 93 105 118 91 117 86 94 90 94 103 130 116 139 106 140 149 122 127 115 124 139 127 133 143 166 170 172 161 172 183 183 202 154 176 160 64 37 45 58 59 75 117 74 59 75 60 72 97 75 76 97 75 102 111 91 127 124 134 128 140 133 134 113 146 129 166 150 144 138 178 159 175 191 157 157 184 202 48 73 40 62 70 58 58 83 114 102 70 82 102 75 94 112 104 119 119 127 124 117 147 142 118 132 144 143 141 142 149 155 134 148 154 177 144 209 167 189 218 213 69 49 67 49 67 66 78 75 71 81 68 102 79 115 125 111 104 114 112 97 117 117 107 140 133 139 131 152 147 164 167 170 75 83 64 99 74 120 90 109 137 110 115 127 153 145 172 163 165 167 178 181 51 57 69 93 79 116 126 138 138 119 152 130 150 161 187 159 187 68 73 77 80 97 120 90 135 120 128 120 133 141 151 176 170 187 179 57 89 74 106 117 102 107 134 146 145 163 168 148 148 189 174 173 67 52 92 65 108 87 91 130 140 133 122 156 149 153 178 188 77 58 67 91 103 84 108 111 143 113 136 162 136 166 160 41 72 89 89 91 112 89 96 104 142 132 160 151 176 174 163 45 70 82 101 90 82 107 121 107 123 150 136 138 180 188 58 62 53 86 83 84 116 120 116 116 121 124 162 149 32 46 77 85 73 98 95 98 106 113 111 150 150 154 52 45 61 88 72 88 85 125 131 138 134 155 48 69 62 68 80 96 86 90 101 119 131 130 162 36 50 66 74 78 64 84 109 116 115 134 124 55 35 48 79 77 83 105 100 101 122 121 118 38 44 55 63 90 86 86 107 105 114 134 46 62 52 53 68 82 101 115 116 127 138 138 43 64 66 73 81 89 94 109 125 139 120 32 52 66 62 84 90 76 83 117 104 135 31 60 44 79 73 85 87 92 112 131 115 42 46 51 51 
Max memory used: 412mb
Execution time: 10767 seconds
		CPT_App_0	CPT_App_1	CPT_App_2	CPT_App_3	CPT_App_4	CPT_App_5	CPT_App_6	CPT_App_7	CPT_App_8	CPT_App_9	CPT_App_10	CPT_App_11	CPT_App_12	CPT_App_13	CPT_App_14	CPT_App_15	CPT_App_16	CPT_App_17	CPT_App_18	CPT_App_19	
Success   	16.438	15.89	18.082	19.726	19.589	19.315	19.315	19.589	20	20.137	20.274	20.274	20.411	20.411	20.548	20.822	20.822	20.959	20.959	21.096
Failure   	83.562	84.11	81.918	80.274	80.411	80.685	80.685	80.411	80	79.863	79.726	79.726	79.589	79.589	79.452	79.178	79.178	79.041	79.041	78.904
No Match  	00.000	00.000	00.000	00.000	00.000	00.000	00.000	00.000	00.000	00.000	00.000	00.000	00.000	00.000	00.000	00.000	00.000	00.000	00.000	00.000
Too Small	00.000	00.000	00.000	00.000	00.000	00.000	00.000	00.000	00.000	00.000	00.000	00.000	00.000	00.000	00.000	00.000	00.000	00.000	00.000	00.000
Overall   	16.438	15.89	18.082	19.726	19.589	19.315	19.315	19.589	20	20.137	20.274	20.274	20.411	20.411	20.548	20.822	20.822	20.959	20.959	21.096
Size (MB)	0.039	0.039	0.039	0.039	0.039	0.039	0.039	0.039	0.039	0.039	0.039	0.039	0.039	0.039	0.039	0.039	0.039	0.039	0.039	0.039
Train Tim	0.218	0.217	0.255	0.218	0.216	0.252	0.218	0.215	0.216	0.216	0.256	0.215	0.256	0.214	0.217	0.216	0.216	0.277	0.219	0.217
Test Time	30.548	34.915	38.837	38.091	38.77	39.566	40.936	39.632	40.271	39.87	40.013	40.587	41.377	40.598	40.917	40.815	40.911	41.381	42.295	43.089


---MSNBC---
Number of sequences : 	5000
Number of distinct items: 	17
Largest item id: 	17
Itemsets per sequence: 	10.7638
Distinct item per sequence: 	4.7462
Occurences for each item: 	2.267877459862627
Size of the dataset in MB: 	20000.215276

Memory history: 87 52 27 31 33 49 26 45 37 66 67 70 43 50 82 74 63 54 70 88 61 76 95 83 104 101 102 113 121 101 97 121 106 123 103 128 105 125 111 147 136 126 161 124 179 149 142 167 162 188 163 154 191 190 206 179 190 220 233 177 192 191 185 216 233 232 198 229 239 240 266 238 212 238 217 235 234 272 247 293 303 230 242 236 292 302 253 271 270 259 264 315 304 268 279 282 318 309 293 310 310 317 324 342 313 294 291 305 344 312 312 309 334 357 323 362 384 371 338 374 342 386 412 397 377 393 37 29 44 65 72 42 63 55 64 86 68 95 92 75 93 105 118 91 117 86 94 90 94 103 130 116 139 106 140 149 122 127 115 124 139 127 133 143 166 170 172 161 172 183 183 202 154 176 160 64 37 45 58 59 75 117 74 59 75 60 72 97 75 76 97 75 102 111 91 127 124 134 128 140 133 134 113 146 129 166 150 144 138 178 159 175 191 157 157 184 202 48 73 40 62 70 58 58 83 114 102 70 82 102 75 94 112 104 119 119 127 124 117 147 142 118 132 144 143 141 142 149 155 134 148 154 177 144 209 167 189 218 213 69 49 67 49 67 66 78 75 71 81 68 102 79 115 125 111 104 114 112 97 117 117 107 140 133 139 131 152 147 164 167 170 75 83 64 99 74 120 90 109 137 110 115 127 153 145 172 163 165 167 178 181 51 57 69 93 79 116 126 138 138 119 152 130 150 161 187 159 187 68 73 77 80 97 120 90 135 120 128 120 133 141 151 176 170 187 179 57 89 74 106 117 102 107 134 146 145 163 168 148 148 189 174 173 67 52 92 65 108 87 91 130 140 133 122 156 149 153 178 188 77 58 67 91 103 84 108 111 143 113 136 162 136 166 160 41 72 89 89 91 112 89 96 104 142 132 160 151 176 174 163 45 70 82 101 90 82 107 121 107 123 150 136 138 180 188 58 62 53 86 83 84 116 120 116 116 121 124 162 149 32 46 77 85 73 98 95 98 106 113 111 150 150 154 52 45 61 88 72 88 85 125 131 138 134 155 48 69 62 68 80 96 86 90 101 119 131 130 162 36 50 66 74 78 64 84 109 116 115 134 124 55 35 48 79 77 83 105 100 101 122 121 118 38 44 55 63 90 86 86 107 105 114 134 46 62 52 53 68 82 101 115 116 127 138 138 43 64 66 73 81 89 94 109 125 139 120 32 52 66 62 84 90 76 83 117 104 135 31 60 44 79 73 85 87 92 112 131 115 42 46 51 51 55 47 90 65 77 68 89 48 55 76 55 93 58 99 90 82 71 64 82 86 76 70 105 106 119 86 117 84 102 112 97 125 114 107 112 177 111 90 117 128 125 88 100 103 118 134 117 102 110 112 102 118 108 148 102 113 25 25 60 31 44 63 55 55 33 55 31 61 50 58 71 75 60 67 50 69 54 59 58 46 75 57 51 49 77 74 85 67 68 78 89 71 86 91 86 99 65 108 101 68 72 72 97 71 75 83 87 79 87 88 84 136 113 127 115 115 99 105 119 90 110 138 125 142 100 114 116 118 113 110 106 129 143 138 141 54 25 21 38 28 35 61 33 59 58 59 50 74 64 42 51 62 55 44 68 45 79 56 61 75 59 56 72 97 84 82 53 73 83 97 88 80 81 74 63 70 82 70 71 105 74 74 72 105 97 101 85 99 87 93 110 96 88 129 116 104 92 105 115 90 113 94 95 126 118 138 111 144 137 122 58 27 25 26 77 56 61 72 35 63 43 41 89 56 38 43 49 44 59 75 75 81 46 91 55 54 56 54 99 71 100 79 90 67 89 75 80 76 108 70 90 70 72 77 77 82 113 91 116 110 122 138 113 113 100 92 86 85 91 127 88 105 130 120 119 124 124 115 103 104 104 
Max memory used: 412mb
Execution time: 1336 seconds
		CPT_App_0	CPT_App_1	CPT_App_2	CPT_App_3	CPT_App_4	CPT_App_5	CPT_App_6	CPT_App_7	CPT_App_8	CPT_App_9	CPT_App_10	CPT_App_11	CPT_App_12	CPT_App_13	CPT_App_14	CPT_App_15	CPT_App_16	CPT_App_17	CPT_App_18	CPT_App_19	
Success   	43.36	45.12	46.36	47.5	47.84	48.12	48.48	48.56	48.72	48.7	48.74	48.64	48.78	48.88	48.94	48.96	49.06	49.1	49.14	49.2
Failure   	56.64	54.88	53.64	52.5	52.16	51.88	51.52	51.44	51.28	51.3	51.26	51.36	51.22	51.12	51.06	51.04	50.94	50.9	50.86	50.8
No Match  	00.000	00.000	00.000	00.000	00.000	00.000	00.000	00.000	00.000	00.000	00.000	00.000	00.000	00.000	00.000	00.000	00.000	00.000	00.000	00.000
Too Small	00.000	00.000	00.000	00.000	00.000	00.000	00.000	00.000	00.000	00.000	00.000	00.000	00.000	00.000	00.000	00.000	00.000	00.000	00.000	00.000
Overall   	43.36	45.12	46.36	47.5	47.84	48.12	48.48	48.56	48.72	48.7	48.74	48.64	48.78	48.88	48.94	48.96	49.06	49.1	49.14	49.2
Size (MB)	0.111	0.111	0.111	0.111	0.111	0.111	0.111	0.111	0.111	0.111	0.111	0.111	0.111	0.111	0.111	0.111	0.111	0.111	0.111	0.111
Train Tim	0.008	0.009	0.008	0.008	0.015	0.007	0.007	0.015	0.008	0.008	0.007	0.008	0.008	0.009	0.009	0.008	0.008	0.008	0.008	0.007
Test Time	3.242	3.786	4.802	4.418	4.832	4.353	4.487	4.994	4.963	5.148	5.167	4.951	4.608	5.335	5.409	4.972	4.977	4.879	5.632	5.545


---BIBLE_WORD---
Number of sequences : 	4933
Number of distinct items: 	5422
Largest item id: 	5433
Itemsets per sequence: 	20.604500304074598
Distinct item per sequence: 	16.704844921954187
Occurences for each item: 	1.233444572538074
Size of the dataset in MB: 	19732.406568

Memory history: 87 52 27 31 33 49 26 45 37 66 67 70 43 50 82 74 63 54 70 88 61 76 95 83 104 101 102 113 121 101 97 121 106 123 103 128 105 125 111 147 136 126 161 124 179 149 142 167 162 188 163 154 191 190 206 179 190 220 233 177 192 191 185 216 233 232 198 229 239 240 266 238 212 238 217 235 234 272 247 293 303 230 242 236 292 302 253 271 270 259 264 315 304 268 279 282 318 309 293 310 310 317 324 342 313 294 291 305 344 312 312 309 334 357 323 362 384 371 338 374 342 386 412 397 377 393 37 29 44 65 72 42 63 55 64 86 68 95 92 75 93 105 118 91 117 86 94 90 94 103 130 116 139 106 140 149 122 127 115 124 139 127 133 143 166 170 172 161 172 183 183 202 154 176 160 64 37 45 58 59 75 117 74 59 75 60 72 97 75 76 97 75 102 111 91 127 124 134 128 140 133 134 113 146 129 166 150 144 138 178 159 175 191 157 157 184 202 48 73 40 62 70 58 58 83 114 102 70 82 102 75 94 112 104 119 119 127 124 117 147 142 118 132 144 143 141 142 149 155 134 148 154 177 144 209 167 189 218 213 69 49 67 49 67 66 78 75 71 81 68 102 79 115 125 111 104 114 112 97 117 117 107 140 133 139 131 152 147 164 167 170 75 83 64 99 74 120 90 109 137 110 115 127 153 145 172 163 165 167 178 181 51 57 69 93 79 116 126 138 138 119 152 130 150 161 187 159 187 68 73 77 80 97 120 90 135 120 128 120 133 141 151 176 170 187 179 57 89 74 106 117 102 107 134 146 145 163 168 148 148 189 174 173 67 52 92 65 108 87 91 130 140 133 122 156 149 153 178 188 77 58 67 91 103 84 108 111 143 113 136 162 136 166 160 41 72 89 89 91 112 89 96 104 142 132 160 151 176 174 163 45 70 82 101 90 82 107 121 107 123 150 136 138 180 188 58 62 53 86 83 84 116 120 116 116 121 124 162 149 32 46 77 85 73 98 95 98 106 113 111 150 150 154 52 45 61 88 72 88 85 125 131 138 134 155 48 69 62 68 80 96 86 90 101 119 131 130 162 36 50 66 74 78 64 84 109 116 115 134 124 55 35 48 79 77 83 105 100 101 122 121 118 38 44 55 63 90 86 86 107 105 114 134 46 62 52 53 68 82 101 115 116 127 138 138 43 64 66 73 81 89 94 109 125 139 120 32 52 66 62 84 90 76 83 117 104 135 31 60 44 79 73 85 87 92 112 131 115 42 46 51 51 55 47 90 65 77 68 89 48 55 76 55 93 58 99 90 82 71 64 82 86 76 70 105 106 119 86 117 84 102 112 97 125 114 107 112 177 111 90 117 128 125 88 100 103 118 134 117 102 110 112 102 118 108 148 102 113 25 25 60 31 44 63 55 55 33 55 31 61 50 58 71 75 60 67 50 69 54 59 58 46 75 57 51 49 77 74 85 67 68 78 89 71 86 91 86 99 65 108 101 68 72 72 97 71 75 83 87 79 87 88 84 136 113 127 115 115 99 105 119 90 110 138 125 142 100 114 116 118 113 110 106 129 143 138 141 54 25 21 38 28 35 61 33 59 58 59 50 74 64 42 51 62 55 44 68 45 79 56 61 75 59 56 72 97 84 82 53 73 83 97 88 80 81 74 63 70 82 70 71 105 74 74 72 105 97 101 85 99 87 93 110 96 88 129 116 104 92 105 115 90 113 94 95 126 118 138 111 144 137 122 58 27 25 26 77 56 61 72 35 63 43 41 89 56 38 43 49 44 59 75 75 81 46 91 55 54 56 54 99 71 100 79 90 67 89 75 80 76 108 70 90 70 72 77 77 82 113 91 116 110 122 138 113 113 100 92 86 85 91 127 88 105 130 120 119 124 124 115 103 104 104 62 77 108 52 66 89 84 103 123 132 79 81 83 92 146 95 113 138 114 147 139 167 58 44 89 92 105 106 72 83 137 81 101 128 124 89 141 152 120 107 143 132 185 51 69 66 51 78 98 59 100 117 117 96 96 112 84 125 115 104 134 166 127 137 161 80 82 47 94 73 73 96 120 98 78 81 133 109 129 143 151 120 140 160 156 126 80 59 89 74 83 83 86 82 106 78 102 151 92 119 127 160 143 140 125 164 164 159 49 84 82 85 106 74 105 107 99 121 146 90 135 126 134 105 135 114 178 135 150 150 193 77 77 118 118 71 136 137 97 92 111 138 124 115 140 154 149 169 134 155 165 152 188 85 110 111 114 138 94 125 118 129 135 109 110 143 168 129 140 159 147 176 184 194 208 127 124 91 81 94 105 158 155 100 104 153 110 109 113 152 146 159 189 132 166 200 149 196 191 112 114 128 84 150 109 95 119 125 144 159 148 146 174 143 132 159 163 157 147 199 180 164 182 73 115 86 101 86 144 109 113 115 131 154 122 183 168 147 190 183 186 188 180 174 201 180 105 102 114 129 144 139 144 137 126 160 145 173 152 135 145 151 174 206 190 230 200 216 246 124 113 117 113 105 127 117 144 155 145 173 173 
Max memory used: 412mb
Execution time: 860 seconds
		CPT_App_0	CPT_App_1	CPT_App_2	CPT_App_3	CPT_App_4	CPT_App_5	CPT_App_6	CPT_App_7	CPT_App_8	CPT_App_9	CPT_App_10	CPT_App_11	CPT_App_12	CPT_App_13	CPT_App_14	CPT_App_15	CPT_App_16	CPT_App_17	CPT_App_18	CPT_App_19	
Success   	27.6	23.596	21.389	20.286	19.428	18.202	17.508	16.547	15.832	15.097	14.668	14.219	13.749	13.544	13.197	13.013	12.829	12.727	12.421	12.155
Failure   	72.4	76.404	78.611	79.714	80.572	81.798	82.492	83.453	84.168	84.903	85.332	85.781	86.251	86.456	86.803	86.987	87.171	87.273	87.579	87.845
No Match  	0.77	0.77	0.77	0.77	0.77	0.77	0.77	0.77	0.77	0.77	0.77	0.77	0.77	0.77	0.77	0.77	0.77	0.77	0.77	0.77
Too Small	00.000	00.000	00.000	00.000	00.000	00.000	00.000	00.000	00.000	00.000	00.000	00.000	00.000	00.000	00.000	00.000	00.000	00.000	00.000	00.000
Overall   	27.387	23.414	21.224	20.13	19.278	18.062	17.373	16.42	15.711	14.981	14.555	14.109	13.643	13.44	13.095	12.913	12.731	12.629	12.325	12.062
Size (MB)	1.767	1.767	1.767	1.767	1.767	1.767	1.767	1.767	1.767	1.767	1.767	1.767	1.767	1.767	1.767	1.767	1.767	1.767	1.767	1.767
Train Tim	0.031	0.027	0.03	0.031	0.028	0.028	0.03	0.031	0.033	0.03	0.029	0.03	0.03	0.052	0.033	0.03	0.028	0.03	0.042	0.037
Test Time	1.96	2.449	2.795	2.462	2.53	3.1	2.94	2.735	3.021	3.17	3.369	2.846	3.224	3.425	3.586	3.969	4.085	3.61	3.733	3.184


---BIBLE_CHAR---
Number of sequences : 	5000
Number of distinct items: 	74
Largest item id: 	122
Itemsets per sequence: 	133.01
Distinct item per sequence: 	26.0638
Occurences for each item: 	5.1032466486084145
Size of the dataset in MB: 	20002.6602

Memory history: 87 52 27 31 33 49 26 45 37 66 67 70 43 50 82 74 63 54 70 88 61 76 95 83 104 101 102 113 121 101 97 121 106 123 103 128 105 125 111 147 136 126 161 124 179 149 142 167 162 188 163 154 191 190 206 179 190 220 233 177 192 191 185 216 233 232 198 229 239 240 266 238 212 238 217 235 234 272 247 293 303 230 242 236 292 302 253 271 270 259 264 315 304 268 279 282 318 309 293 310 310 317 324 342 313 294 291 305 344 312 312 309 334 357 323 362 384 371 338 374 342 386 412 397 377 393 37 29 44 65 72 42 63 55 64 86 68 95 92 75 93 105 118 91 117 86 94 90 94 103 130 116 139 106 140 149 122 127 115 124 139 127 133 143 166 170 172 161 172 183 183 202 154 176 160 64 37 45 58 59 75 117 74 59 75 60 72 97 75 76 97 75 102 111 91 127 124 134 128 140 133 134 113 146 129 166 150 144 138 178 159 175 191 157 157 184 202 48 73 40 62 70 58 58 83 114 102 70 82 102 75 94 112 104 119 119 127 124 117 147 142 118 132 144 143 141 142 149 155 134 148 154 177 144 209 167 189 218 213 69 49 67 49 67 66 78 75 71 81 68 102 79 115 125 111 104 114 112 97 117 117 107 140 133 139 131 152 147 164 167 170 75 83 64 99 74 120 90 109 137 110 115 127 153 145 172 163 165 167 178 181 51 57 69 93 79 116 126 138 138 119 152 130 150 161 187 159 187 68 73 77 80 97 120 90 135 120 128 120 133 141 151 176 170 187 179 57 89 74 106 117 102 107 134 146 145 163 168 148 148 189 174 173 67 52 92 65 108 87 91 130 140 133 122 156 149 153 178 188 77 58 67 91 103 84 108 111 143 113 136 162 136 166 160 41 72 89 89 91 112 89 96 104 142 132 160 151 176 174 163 45 70 82 101 90 82 107 121 107 123 150 136 138 180 188 58 62 53 86 83 84 116 120 116 116 121 124 162 149 32 46 77 85 73 98 95 98 106 113 111 150 150 154 52 45 61 88 72 88 85 125 131 138 134 155 48 69 62 68 80 96 86 90 101 119 131 130 162 36 50 66 74 78 64 84 109 116 115 134 124 55 35 48 79 77 83 105 100 101 122 121 118 38 44 55 63 90 86 86 107 105 114 134 46 62 52 53 68 82 101 115 116 127 138 138 43 64 66 73 81 89 94 109 125 139 120 32 52 66 62 84 90 76 83 117 104 135 31 60 44 79 73 85 87 92 112 131 115 42 46 51 51 55 47 90 65 77 68 89 48 55 76 55 93 58 99 90 82 71 64 82 86 76 70 105 106 119 86 117 84 102 112 97 125 114 107 112 177 111 90 117 128 125 88 100 103 118 134 117 102 110 112 102 118 108 148 102 113 25 25 60 31 44 63 55 55 33 55 31 61 50 58 71 75 60 67 50 69 54 59 58 46 75 57 51 49 77 74 85 67 68 78 89 71 86 91 86 99 65 108 101 68 72 72 97 71 75 83 87 79 87 88 84 136 113 127 115 115 99 105 119 90 110 138 125 142 100 114 116 118 113 110 106 129 143 138 141 54 25 21 38 28 35 61 33 59 58 59 50 74 64 42 51 62 55 44 68 45 79 56 61 75 59 56 72 97 84 82 53 73 83 97 88 80 81 74 63 70 82 70 71 105 74 74 72 105 97 101 85 99 87 93 110 96 88 129 116 104 92 105 115 90 113 94 95 126 118 138 111 144 137 122 58 27 25 26 77 56 61 72 35 63 43 41 89 56 38 43 49 44 59 75 75 81 46 91 55 54 56 54 99 71 100 79 90 67 89 75 80 76 108 70 90 70 72 77 77 82 113 91 116 110 122 138 113 113 100 92 86 85 91 127 88 105 130 120 119 124 124 115 103 104 104 62 77 108 52 66 89 84 103 123 132 79 81 83 92 146 95 113 138 114 147 139 167 58 44 89 92 105 106 72 83 137 81 101 128 124 89 141 152 120 107 143 132 185 51 69 66 51 78 98 59 100 117 117 96 96 112 84 125 115 104 134 166 127 137 161 80 82 47 94 73 73 96 120 98 78 81 133 109 129 143 151 120 140 160 156 126 80 59 89 74 83 83 86 82 106 78 102 151 92 119 127 160 143 140 125 164 164 159 49 84 82 85 106 74 105 107 99 121 146 90 135 126 134 105 135 114 178 135 150 150 193 77 77 118 118 71 136 137 97 92 111 138 124 115 140 154 149 169 134 155 165 152 188 85 110 111 114 138 94 125 118 129 135 109 110 143 168 129 140 159 147 176 184 194 208 127 124 91 81 94 105 158 155 100 104 153 110 109 113 152 146 159 189 132 166 200 149 196 191 112 114 128 84 150 109 95 119 125 144 159 148 146 174 143 132 159 163 157 147 199 180 164 182 73 115 86 101 86 144 109 113 115 131 154 122 183 168 147 190 183 186 188 180 174 201 180 105 102 114 129 144 139 144 137 126 160 145 173 152 135 145 151 174 206 190 230 200 216 246 124 113 117 113 105 127 117 144 155 145 173 173 195 158 173 152 192 157 175 149 179 153 155 172 186 179 170 189 169 200 175 186 198 204 207 180 176 175 219 194 193 187 244 180 199 224 203 199 202 88 120 85 84 98 111 86 88 103 88 91 125 120 93 104 134 125 108 130 112 125 130 116 113 139 143 121 135 133 131 136 124 124 143 160 125 156 154 123 155 171 150 182 160 144 153 149 173 168 170 142 149 142 161 165 185 179 178 164 165 161 164 163 207 171 209 159 163 171 176 190 165 200 193 196 217 169 230 184 87 87 80 70 99 98 103 84 105 108 111 90 87 101 92 101 96 131 100 109 110 103 100 108 116 134 96 132 136 132 123 150 104 134 112 140 138 119 167 138 116 148 132 153 143 128 154 127 134 162 159 145 130 176 139 141 172 163 188 140 151 138 171 149 170 190 189 176 179 172 155 161 188 167 204 184 67 62 89 57 84 74 93 86 70 92 66 99 90 74 100 95 78 116 83 119 80 109 115 112 83 128 121 90 128 88 92 98 102 128 124 132 113 99 120 117 136 110 153 106 154 125 148 126 115 123 121 139 116 174 149 137 142 123 144 135 163 138 158 153 136 152 176 161 159 167 177 174 219 197 160 206 149 73 40 76 75 116 104 83 53 79 64 66 66 
Max memory used: 412mb
Execution time: 1381 seconds
		CPT_App_0	CPT_App_1	CPT_App_2	CPT_App_3	CPT_App_4	CPT_App_5	CPT_App_6	CPT_App_7	CPT_App_8	CPT_App_9	CPT_App_10	CPT_App_11	CPT_App_12	CPT_App_13	CPT_App_14	CPT_App_15	CPT_App_16	CPT_App_17	CPT_App_18	CPT_App_19	
Success   	86.28	85.5	84.48	84.3	83.66	83.34	82.78	82.54	82.2	81.94	81.62	81.44	81.08	80.98	80.78	80.66	80.58	80.56	80.24	80.08
Failure   	13.72	14.5	15.52	15.7	16.34	16.66	17.22	17.46	17.8	18.06	18.38	18.56	18.92	19.02	19.22	19.34	19.42	19.44	19.76	19.92
No Match  	00.000	00.000	00.000	00.000	00.000	00.000	00.000	00.000	00.000	00.000	00.000	00.000	00.000	00.000	00.000	00.000	00.000	00.000	00.000	00.000
Too Small	00.000	00.000	00.000	00.000	00.000	00.000	00.000	00.000	00.000	00.000	00.000	00.000	00.000	00.000	00.000	00.000	00.000	00.000	00.000	00.000
Overall   	86.28	85.5	84.48	84.3	83.66	83.34	82.78	82.54	82.2	81.94	81.62	81.44	81.08	80.98	80.78	80.66	80.58	80.56	80.24	80.08
Size (MB)	0.131	0.131	0.131	0.131	0.131	0.131	0.131	0.131	0.131	0.131	0.131	0.131	0.131	0.131	0.131	0.131	0.131	0.131	0.131	0.131
Train Tim	0.012	0.012	0.012	0.012	0.012	0.012	0.013	0.013	0.011	0.012	0.012	0.012	0.012	0.012	0.013	0.019	0.012	0.011	0.011	0.019
Test Time	2.916	3.667	3.642	3.815	5.109	4.177	5.077	4.513	4.695	5.224	5.712	5.013	5.532	5.461	6.335	6.007	5.569	6.351	5.944	6.344


---KOSARAK---
Number of sequences : 	5000
Number of distinct items: 	11490
Largest item id: 	14895
Itemsets per sequence: 	28.5792
Distinct item per sequence: 	28.579
Occurences for each item: 	1.0000069981454915
Size of the dataset in MB: 	20000.571584

Memory history: 87 52 27 31 33 49 26 45 37 66 67 70 43 50 82 74 63 54 70 88 61 76 95 83 104 101 102 113 121 101 97 121 106 123 103 128 105 125 111 147 136 126 161 124 179 149 142 167 162 188 163 154 191 190 206 179 190 220 233 177 192 191 185 216 233 232 198 229 239 240 266 238 212 238 217 235 234 272 247 293 303 230 242 236 292 302 253 271 270 259 264 315 304 268 279 282 318 309 293 310 310 317 324 342 313 294 291 305 344 312 312 309 334 357 323 362 384 371 338 374 342 386 412 397 377 393 37 29 44 65 72 42 63 55 64 86 68 95 92 75 93 105 118 91 117 86 94 90 94 103 130 116 139 106 140 149 122 127 115 124 139 127 133 143 166 170 172 161 172 183 183 202 154 176 160 64 37 45 58 59 75 117 74 59 75 60 72 97 75 76 97 75 102 111 91 127 124 134 128 140 133 134 113 146 129 166 150 144 138 178 159 175 191 157 157 184 202 48 73 40 62 70 58 58 83 114 102 70 82 102 75 94 112 104 119 119 127 124 117 147 142 118 132 144 143 141 142 149 155 134 148 154 177 144 209 167 189 218 213 69 49 67 49 67 66 78 75 71 81 68 102 79 115 125 111 104 114 112 97 117 117 107 140 133 139 131 152 147 164 167 170 75 83 64 99 74 120 90 109 137 110 115 127 153 145 172 163 165 167 178 181 51 57 69 93 79 116 126 138 138 119 152 130 150 161 187 159 187 68 73 77 80 97 120 90 135 120 128 120 133 141 151 176 170 187 179 57 89 74 106 117 102 107 134 146 145 163 168 148 148 189 174 173 67 52 92 65 108 87 91 130 140 133 122 156 149 153 178 188 77 58 67 91 103 84 108 111 143 113 136 162 136 166 160 41 72 89 89 91 112 89 96 104 142 132 160 151 176 174 163 45 70 82 101 90 82 107 121 107 123 150 136 138 180 188 58 62 53 86 83 84 116 120 116 116 121 124 162 149 32 46 77 85 73 98 95 98 106 113 111 150 150 154 52 45 61 88 72 88 85 125 131 138 134 155 48 69 62 68 80 96 86 90 101 119 131 130 162 36 50 66 74 78 64 84 109 116 115 134 124 55 35 48 79 77 83 105 100 101 122 121 118 38 44 55 63 90 86 86 107 105 114 134 46 62 52 53 68 82 101 115 116 127 138 138 43 64 66 73 81 89 94 109 125 139 120 32 52 66 62 84 90 76 83 117 104 135 31 60 44 79 73 85 87 92 112 131 115 42 46 51 51 55 47 90 65 77 68 89 48 55 76 55 93 58 99 90 82 71 64 82 86 76 70 105 106 119 86 117 84 102 112 97 125 114 107 112 177 111 90 117 128 125 88 100 103 118 134 117 102 110 112 102 118 108 148 102 113 25 25 60 31 44 63 55 55 33 55 31 61 50 58 71 75 60 67 50 69 54 59 58 46 75 57 51 49 77 74 85 67 68 78 89 71 86 91 86 99 65 108 101 68 72 72 97 71 75 83 87 79 87 88 84 136 113 127 115 115 99 105 119 90 110 138 125 142 100 114 116 118 113 110 106 129 143 138 141 54 25 21 38 28 35 61 33 59 58 59 50 74 64 42 51 62 55 44 68 45 79 56 61 75 59 56 72 97 84 82 53 73 83 97 88 80 81 74 63 70 82 70 71 105 74 74 72 105 97 101 85 99 87 93 110 96 88 129 116 104 92 105 115 90 113 94 95 126 118 138 111 144 137 122 58 27 25 26 77 56 61 72 35 63 43 41 89 56 38 43 49 44 59 75 75 81 46 91 55 54 56 54 99 71 100 79 90 67 89 75 80 76 108 70 90 70 72 77 77 82 113 91 116 110 122 138 113 113 100 92 86 85 91 127 88 105 130 120 119 124 124 115 103 104 104 62 77 108 52 66 89 84 103 123 132 79 81 83 92 146 95 113 138 114 147 139 167 58 44 89 92 105 106 72 83 137 81 101 128 124 89 141 152 120 107 143 132 185 51 69 66 51 78 98 59 100 117 117 96 96 112 84 125 115 104 134 166 127 137 161 80 82 47 94 73 73 96 120 98 78 81 133 109 129 143 151 120 140 160 156 126 80 59 89 74 83 83 86 82 106 78 102 151 92 119 127 160 143 140 125 164 164 159 49 84 82 85 106 74 105 107 99 121 146 90 135 126 134 105 135 114 178 135 150 150 193 77 77 118 118 71 136 137 97 92 111 138 124 115 140 154 149 169 134 155 165 152 188 85 110 111 114 138 94 125 118 129 135 109 110 143 168 129 140 159 147 176 184 194 208 127 124 91 81 94 105 158 155 100 104 153 110 109 113 152 146 159 189 132 166 200 149 196 191 112 114 128 84 150 109 95 119 125 144 159 148 146 174 143 132 159 163 157 147 199 180 164 182 73 115 86 101 86 144 109 113 115 131 154 122 183 168 147 190 183 186 188 180 174 201 180 105 102 114 129 144 139 144 137 126 160 145 173 152 135 145 151 174 206 190 230 200 216 246 124 113 117 113 105 127 117 144 155 145 173 173 195 158 173 152 192 157 175 149 179 153 155 172 186 179 170 189 169 200 175 186 198 204 207 180 176 175 219 194 193 187 244 180 199 224 203 199 202 88 120 85 84 98 111 86 88 103 88 91 125 120 93 104 134 125 108 130 112 125 130 116 113 139 143 121 135 133 131 136 124 124 143 160 125 156 154 123 155 171 150 182 160 144 153 149 173 168 170 142 149 142 161 165 185 179 178 164 165 161 164 163 207 171 209 159 163 171 176 190 165 200 193 196 217 169 230 184 87 87 80 70 99 98 103 84 105 108 111 90 87 101 92 101 96 131 100 109 110 103 100 108 116 134 96 132 136 132 123 150 104 134 112 140 138 119 167 138 116 148 132 153 143 128 154 127 134 162 159 145 130 176 139 141 172 163 188 140 151 138 171 149 170 190 189 176 179 172 155 161 188 167 204 184 67 62 89 57 84 74 93 86 70 92 66 99 90 74 100 95 78 116 83 119 80 109 115 112 83 128 121 90 128 88 92 98 102 128 124 132 113 99 120 117 136 110 153 106 154 125 148 126 115 123 121 139 116 174 149 137 142 123 144 135 163 138 158 153 136 152 176 161 159 167 177 174 219 197 160 206 149 73 40 76 75 116 104 83 53 79 64 66 66 103 104 113 148 50 63 75 90 109 148 70 61 74 103 123 147 64 93 98 125 143 163 64 83 103 103 144 177 146 63 112 129 114 152 166 55 74 105 115 126 156 65 82 109 140 140 170 170 95 82 131 146 146 154 68 90 114 110 152 149 157 81 121 108 154 165 185 106 113 126 123 144 175 83 131 149 151 172 178 84 123 108 131 187 163 207 124 126 136 167 178 174 89 131 155 159 199 209 108 117 150 137 190 215 218 110 123 139 164 172 221 214 142 129 173 168 169 187 244 118 149 169 167 192 225 210 113 131 175 189 205 200 134 130 175 172 202 184 231 138 131 177 198 183 216 194 118 138 183 196 216 202 214 137 158 152 191 218 206 117 148 145 182 178 237 216 158 148 180 189 213 242 229 145 153 182 198 201 239 228 139 150 192 208 228 248 214 145 159 208 192 203 214 275 155 184 165 188 245 216 153 177 194 224 231 219 230 163 159 174 210 205 262 258 180 189 221 222 220 232 255 274 185 164 194 220 233 237 271 151 180 212 203 242 265 283 294 153 180 201 222 248 235 323 184 179 240 237 247 271 251 279 198 195 235 249 244 243 263 168 198 220 233 257 240 303 267 208 210 254 226 259 297 302 272 183 200 266 270 272 272 
Max memory used: 412mb
Execution time: 8923 seconds
		CPT_App_0	CPT_App_1	CPT_App_2	CPT_App_3	CPT_App_4	CPT_App_5	CPT_App_6	CPT_App_7	CPT_App_8	CPT_App_9	CPT_App_10	CPT_App_11	CPT_App_12	CPT_App_13	CPT_App_14	CPT_App_15	CPT_App_16	CPT_App_17	CPT_App_18	CPT_App_19	
Success   	21.459	24.725	26.327	27.55	28.211	28.752	29.393	29.834	30.034	30.114	30.234	30.375	30.375	30.495	30.535	30.595	30.735	30.735	30.695	30.795
Failure   	78.541	75.275	73.673	72.45	71.789	71.248	70.607	70.166	69.966	69.886	69.766	69.625	69.625	69.505	69.465	69.405	69.265	69.265	69.305	69.205
No Match  	0.18	0.18	0.18	0.18	0.18	0.18	0.18	0.18	0.18	0.18	0.18	0.18	0.18	0.18	0.18	0.18	0.18	0.18	0.18	0.18
Too Small	00.000	00.000	00.000	00.000	00.000	00.000	00.000	00.000	00.000	00.000	00.000	00.000	00.000	00.000	00.000	00.000	00.000	00.000	00.000	00.000
Overall   	21.42	24.68	26.28	27.5	28.16	28.7	29.34	29.78	29.98	30.06	30.18	30.32	30.32	30.44	30.48	30.54	30.68	30.68	30.64	30.74
Size (MB)	4.959	4.959	4.959	4.959	4.959	4.959	4.959	4.959	4.959	4.959	4.959	4.959	4.959	4.959	4.959	4.959	4.959	4.959	4.959	4.959
Train Tim	0.09	0.099	0.135	0.096	0.091	0.093	0.099	0.089	0.088	0.154	0.142	0.089	0.088	0.107	0.087	0.089	0.151	0.089	0.092	0.091
Test Time	24.867	31.812	29.02	27.785	34.162	33.29	32.137	31.278	31.277	32.587	32.903	32.505	34.467	33.522	33.926	34.258	33.049	34.669	35.366	33.912


---FIFA---
Number of sequences : 	5000
Number of distinct items: 	2612
Largest item id: 	2775
Itemsets per sequence: 	40.1966
Distinct item per sequence: 	38.6178
Occurences for each item: 	1.0408827017592923
Size of the dataset in MB: 	20000.803932

Memory history: 87 52 27 31 33 49 26 45 37 66 67 70 43 50 82 74 63 54 70 88 61 76 95 83 104 101 102 113 121 101 97 121 106 123 103 128 105 125 111 147 136 126 161 124 179 149 142 167 162 188 163 154 191 190 206 179 190 220 233 177 192 191 185 216 233 232 198 229 239 240 266 238 212 238 217 235 234 272 247 293 303 230 242 236 292 302 253 271 270 259 264 315 304 268 279 282 318 309 293 310 310 317 324 342 313 294 291 305 344 312 312 309 334 357 323 362 384 371 338 374 342 386 412 397 377 393 37 29 44 65 72 42 63 55 64 86 68 95 92 75 93 105 118 91 117 86 94 90 94 103 130 116 139 106 140 149 122 127 115 124 139 127 133 143 166 170 172 161 172 183 183 202 154 176 160 64 37 45 58 59 75 117 74 59 75 60 72 97 75 76 97 75 102 111 91 127 124 134 128 140 133 134 113 146 129 166 150 144 138 178 159 175 191 157 157 184 202 48 73 40 62 70 58 58 83 114 102 70 82 102 75 94 112 104 119 119 127 124 117 147 142 118 132 144 143 141 142 149 155 134 148 154 177 144 209 167 189 218 213 69 49 67 49 67 66 78 75 71 81 68 102 79 115 125 111 104 114 112 97 117 117 107 140 133 139 131 152 147 164 167 170 75 83 64 99 74 120 90 109 137 110 115 127 153 145 172 163 165 167 178 181 51 57 69 93 79 116 126 138 138 119 152 130 150 161 187 159 187 68 73 77 80 97 120 90 135 120 128 120 133 141 151 176 170 187 179 57 89 74 106 117 102 107 134 146 145 163 168 148 148 189 174 173 67 52 92 65 108 87 91 130 140 133 122 156 149 153 178 188 77 58 67 91 103 84 108 111 143 113 136 162 136 166 160 41 72 89 89 91 112 89 96 104 142 132 160 151 176 174 163 45 70 82 101 90 82 107 121 107 123 150 136 138 180 188 58 62 53 86 83 84 116 120 116 116 121 124 162 149 32 46 77 85 73 98 95 98 106 113 111 150 150 154 52 45 61 88 72 88 85 125 131 138 134 155 48 69 62 68 80 96 86 90 101 119 131 130 162 36 50 66 74 78 64 84 109 116 115 134 124 55 35 48 79 77 83 105 100 101 122 121 118 38 44 55 63 90 86 86 107 105 114 134 46 62 52 53 68 82 101 115 116 127 138 138 43 64 66 73 81 89 94 109 125 139 120 32 52 66 62 84 90 76 83 117 104 135 31 60 44 79 73 85 87 92 112 131 115 42 46 51 51 55 47 90 65 77 68 89 48 55 76 55 93 58 99 90 82 71 64 82 86 76 70 105 106 119 86 117 84 102 112 97 125 114 107 112 177 111 90 117 128 125 88 100 103 118 134 117 102 110 112 102 118 108 148 102 113 25 25 60 31 44 63 55 55 33 55 31 61 50 58 71 75 60 67 50 69 54 59 58 46 75 57 51 49 77 74 85 67 68 78 89 71 86 91 86 99 65 108 101 68 72 72 97 71 75 83 87 79 87 88 84 136 113 127 115 115 99 105 119 90 110 138 125 142 100 114 116 118 113 110 106 129 143 138 141 54 25 21 38 28 35 61 33 59 58 59 50 74 64 42 51 62 55 44 68 45 79 56 61 75 59 56 72 97 84 82 53 73 83 97 88 80 81 74 63 70 82 70 71 105 74 74 72 105 97 101 85 99 87 93 110 96 88 129 116 104 92 105 115 90 113 94 95 126 118 138 111 144 137 122 58 27 25 26 77 56 61 72 35 63 43 41 89 56 38 43 49 44 59 75 75 81 46 91 55 54 56 54 99 71 100 79 90 67 89 75 80 76 108 70 90 70 72 77 77 82 113 91 116 110 122 138 113 113 100 92 86 85 91 127 88 105 130 120 119 124 124 115 103 104 104 62 77 108 52 66 89 84 103 123 132 79 81 83 92 146 95 113 138 114 147 139 167 58 44 89 92 105 106 72 83 137 81 101 128 124 89 141 152 120 107 143 132 185 51 69 66 51 78 98 59 100 117 117 96 96 112 84 125 115 104 134 166 127 137 161 80 82 47 94 73 73 96 120 98 78 81 133 109 129 143 151 120 140 160 156 126 80 59 89 74 83 83 86 82 106 78 102 151 92 119 127 160 143 140 125 164 164 159 49 84 82 85 106 74 105 107 99 121 146 90 135 126 134 105 135 114 178 135 150 150 193 77 77 118 118 71 136 137 97 92 111 138 124 115 140 154 149 169 134 155 165 152 188 85 110 111 114 138 94 125 118 129 135 109 110 143 168 129 140 159 147 176 184 194 208 127 124 91 81 94 105 158 155 100 104 153 110 109 113 152 146 159 189 132 166 200 149 196 191 112 114 128 84 150 109 95 119 125 144 159 148 146 174 143 132 159 163 157 147 199 180 164 182 73 115 86 101 86 144 109 113 115 131 154 122 183 168 147 190 183 186 188 180 174 201 180 105 102 114 129 144 139 144 137 126 160 145 173 152 135 145 151 174 206 190 230 200 216 246 124 113 117 113 105 127 117 144 155 145 173 173 195 158 173 152 192 157 175 149 179 153 155 172 186 179 170 189 169 200 175 186 198 204 207 180 176 175 219 194 193 187 244 180 199 224 203 199 202 88 120 85 84 98 111 86 88 103 88 91 125 120 93 104 134 125 108 130 112 125 130 116 113 139 143 121 135 133 131 136 124 124 143 160 125 156 154 123 155 171 150 182 160 144 153 149 173 168 170 142 149 142 161 165 185 179 178 164 165 161 164 163 207 171 209 159 163 171 176 190 165 200 193 196 217 169 230 184 87 87 80 70 99 98 103 84 105 108 111 90 87 101 92 101 96 131 100 109 110 103 100 108 116 134 96 132 136 132 123 150 104 134 112 140 138 119 167 138 116 148 132 153 143 128 154 127 134 162 159 145 130 176 139 141 172 163 188 140 151 138 171 149 170 190 189 176 179 172 155 161 188 167 204 184 67 62 89 57 84 74 93 86 70 92 66 99 90 74 100 95 78 116 83 119 80 109 115 112 83 128 121 90 128 88 92 98 102 128 124 132 113 99 120 117 136 110 153 106 154 125 148 126 115 123 121 139 116 174 149 137 142 123 144 135 163 138 158 153 136 152 176 161 159 167 177 174 219 197 160 206 149 73 40 76 75 116 104 83 53 79 64 66 66 103 104 113 148 50 63 75 90 109 148 70 61 74 103 123 147 64 93 98 125 143 163 64 83 103 103 144 177 146 63 112 129 114 152 166 55 74 105 115 126 156 65 82 109 140 140 170 170 95 82 131 146 146 154 68 90 114 110 152 149 157 81 121 108 154 165 185 106 113 126 123 144 175 83 131 149 151 172 178 84 123 108 131 187 163 207 124 126 136 167 178 174 89 131 155 159 199 209 108 117 150 137 190 215 218 110 123 139 164 172 221 214 142 129 173 168 169 187 244 118 149 169 167 192 225 210 113 131 175 189 205 200 134 130 175 172 202 184 231 138 131 177 198 183 216 194 118 138 183 196 216 202 214 137 158 152 191 218 206 117 148 145 182 178 237 216 158 148 180 189 213 242 229 145 153 182 198 201 239 228 139 150 192 208 228 248 214 145 159 208 192 203 214 275 155 184 165 188 245 216 153 177 194 224 231 219 230 163 159 174 210 205 262 258 180 189 221 222 220 232 255 274 185 164 194 220 233 237 271 151 180 212 203 242 265 283 294 153 180 201 222 248 235 323 184 179 240 237 247 271 251 279 198 195 235 249 244 243 263 168 198 220 233 257 240 303 267 208 210 254 226 259 297 302 272 183 200 266 270 272 272 276 328 343 337 292 321 291 313 364 201 232 236 240 248 244 230 236 264 289 289 272 254 259 260 256 321 307 322 346 332 338 313 159 195 176 216 189 216 216 235 196 253 243 221 263 225 272 265 267 274 299 254 310 320 160 174 214 170 203 204 259 218 230 253 218 226 267 229 264 236 264 320 251 325 275 273 332 162 174 229 172 222 221 210 192 221 213 262 217 230 223 226 294 229 250 257 268 282 290 268 295 269 269 276 127 184 165 157 175 167 224 201 225 225 205 239 210 228 234 232 263 247 262 270 259 273 184 160 205 173 171 173 222 238 213 226 203 261 230 230 222 238 261 287 277 264 241 244 266 259 284 286 266 321 320 142 127 129 136 157 180 186 179 192 237 178 182 192 192 226 232 244 212 243 262 228 225 309 127 167 177 178 148 152 162 156 160 202 215 230 247 213 199 238 230 232 214 216 251 288 256 120 132 153 140 157 142 196 181 184 183 237 237 236 227 224 202 220 275 257 220 243 304 130 156 159 134 154 191 194 171 160 157 177 194 219 210 193 213 205 242 200 256 265 241 223 234 136 98 111 127 121 152 124 204 146 146 213 144 164 213 196 190 184 215 228 220 202 248 94 118 151 116 124 143 156 151 138 176 168 168 
Max memory used: 412mb
Execution time: 4776 seconds
		CPT_App_0	CPT_App_1	CPT_App_2	CPT_App_3	CPT_App_4	CPT_App_5	CPT_App_6	CPT_App_7	CPT_App_8	CPT_App_9	CPT_App_10	CPT_App_11	CPT_App_12	CPT_App_13	CPT_App_14	CPT_App_15	CPT_App_16	CPT_App_17	CPT_App_18	CPT_App_19	
Success   	23.436	25.206	26.272	26.956	27.479	27.841	28.043	28.143	28.284	28.264	28.445	28.586	28.606	28.646	28.666	28.666	28.626	28.465	28.385	28.425
Failure   	76.564	74.794	73.728	73.044	72.521	72.159	71.957	71.857	71.716	71.736	71.555	71.414	71.394	71.354	71.334	71.334	71.374	71.535	71.615	71.575
No Match  	0.22	0.22	0.22	0.22	0.22	0.22	0.22	0.22	0.22	0.22	0.22	0.22	0.22	0.22	0.22	0.22	0.22	0.22	0.22	0.22
Too Small	0.36	0.36	0.36	0.36	0.36	0.36	0.36	0.36	0.36	0.36	0.36	0.36	0.36	0.36	0.36	0.36	0.36	0.36	0.36	0.36
Overall   	23.3	25.06	26.12	26.8	27.32	27.68	27.88	27.98	28.12	28.1	28.28	28.42	28.44	28.48	28.5	28.5	28.46	28.3	28.22	28.26
Size (MB)	1.388	1.388	1.388	1.388	1.388	1.388	1.388	1.388	1.388	1.388	1.388	1.388	1.388	1.388	1.388	1.388	1.388	1.388	1.388	1.388
Train Tim	0.041	0.043	0.042	0.043	0.05	0.04	0.043	0.04	0.044	0.051	0.045	0.043	0.04	0.056	0.043	0.097	0.041	0.051	0.044	0.042
Test Time	11.355	15.447	13.278	13.526	15.152	16.251	15.382	16.468	16.941	17.588	17.551	18.145	19.025	19.622	19.461	20.059	19.697	19.774	19.346	20.248


---NASA07---
Number of sequences : 	5000
Number of distinct items: 	2066
Largest item id: 	2963
Itemsets per sequence: 	34.9728
Distinct item per sequence: 	14.9518
Occurences for each item: 	2.3390361026766007
Size of the dataset in MB: 	20000.699456

^Cmake: *** [run] Error 130
