javac -cp ".:simmetrics-core-4.1.1-jar-with-dependencies.jar:src" src/ca/ipredict/controllers/MainController.java
#javac -cp src src/ca/ipredict/controllers/MainController.java
java -cp ".:simmetrics-core-4.1.1-jar-with-dependencies.jar:src" ca.ipredict.controllers.MainController ./datasets
Current Predictor: CPT_App_0
Current Predictor: CPT_App_1
Current Predictor: CPT_App_2
Current Predictor: CPT_App_3
Current Predictor: CPT_App_4
Current Predictor: CPT_App_5
Current Predictor: CPT_App_6
Current Predictor: CPT_App_7
Current Predictor: CPT_App_8
Current Predictor: CPT_App_9
Current Predictor: CPT_App_10
Current Predictor: CPT_App_11
Current Predictor: CPT_App_12
Current Predictor: CPT_App_13
Current Predictor: CPT_App_14
Current Predictor: CPT_App_15
Current Predictor: CPT_App_16
Current Predictor: CPT_App_17
Current Predictor: CPT_App_18
Current Predictor: CPT_App_19

---BMS---
Number of sequences : 	4865
Number of distinct items: 	494
Largest item id: 	60977
Itemsets per sequence: 	11.227954779033915
Distinct item per sequence: 	11.227954779033915
Occurences for each item: 	1.0
Size of the dataset in MB: 	19460.218496

Memory history: 262 193 78 27 30 57 23 45 44 59 39 57 41 43 47 75 92 86 77 90 105 85 63 98 98 119 95 117 74 98 81 129 85 91 91 124 137 137 112 103 118 148 150 161 175 171 122 158 175 189 180 185 195 213 169 183 189 186 199 184 217 183 175 171 206 189 197 197 245 189 265 201 218 243 238 197 204 196 207 240 204 272 261 249 240 254 270 259 266 315 277 253 247 272 276 324 276 272 244 309 254 255 257 307 299 262 356 308 347 331 315 306 322 281 350 356 316 313 337 342 351 354 328 353 327 372 348 348 316 362 354 369 379 410 404 413 426 354 368 388 40 60 63 75 45 45 78 64 54 93 89 74 81 68 95 81 115 94 108 80 123 154 86 96 133 107 122 105 147 145 133 124 153 158 139 159 124 162 172 164 161 138 188 165 154 208 163 200 196 187 158 74 61 68 58 62 49 104 56 86 77 94 83 81 116 100 68 73 93 100 86 104 149 142 121 88 92 143 128 157 148 161 128 153 142 161 163 184 142 144 150 190 162 163 206 157 180 166 167 206 217 158 175 174 80 58 68 100 130 92 98 85 113 100 110 91 110 106 130 123 92 132 153 118 117 123 112 126 116 173 139 155 132 178 189 178 141 132 193 184 184 
Max memory used: 426mb
Execution time: 2756 seconds
		CPT_App_0	CPT_App_1	CPT_App_2	CPT_App_3	CPT_App_4	CPT_App_5	CPT_App_6	CPT_App_7	CPT_App_8	CPT_App_9	CPT_App_10	CPT_App_11	CPT_App_12	CPT_App_13	CPT_App_14	CPT_App_15	CPT_App_16	CPT_App_17	CPT_App_18	CPT_App_19	
Success   	24.507	24.424	24.424	24.219	23.869	23.664	23.355	22.965	22.882	22.41	22.225	21.896	21.772	21.649	21.382	21.197	21.073	21.094	20.929	20.724
Failure   	75.493	75.576	75.576	75.781	76.131	76.336	76.645	77.035	77.118	77.59	77.775	78.104	78.228	78.351	78.618	78.803	78.927	78.906	79.071	79.276
No Match  	0.021	0.021	0.021	0.021	0.021	0.021	0.021	0.021	0.021	0.021	0.021	0.021	0.021	0.021	0.021	0.021	0.021	0.021	0.021	0.021
Too Small	00.000	00.000	00.000	00.000	00.000	00.000	00.000	00.000	00.000	00.000	00.000	00.000	00.000	00.000	00.000	00.000	00.000	00.000	00.000	00.000
Overall   	24.502	24.419	24.419	24.214	23.864	23.659	23.35	22.96	22.878	22.405	22.22	21.891	21.768	21.644	21.377	21.192	21.069	21.089	20.925	20.719
Size (MB)	0.383	0.383	0.383	0.383	0.383	0.383	0.383	0.383	0.383	0.383	0.383	0.383	0.383	0.383	0.383	0.383	0.383	0.383	0.383	0.383
Train Tim	0.019	0.02	0.019	0.018	0.02	0.019	0.018	0.018	0.019	0.017	0.018	0.018	0.018	0.018	0.018	0.018	0.018	0.02	0.017	0.02
Test Time	6.572	7.371	8.077	9.523	8.788	9.319	9.381	9.589	9.763	9.958	10.132	10.399	10.545	10.672	10.868	11.039	11.183	11.529	11.382	11.863


---SIGN---
Number of sequences : 	730
Number of distinct items: 	267
Largest item id: 	310
Itemsets per sequence: 	93.0041095890411
Distinct item per sequence: 	51.99452054794521
Occurences for each item: 	1.78872905469491
Size of the dataset in MB: 	2920.271572

Memory history: 262 193 78 27 30 57 23 45 44 59 39 57 41 43 47 75 92 86 77 90 105 85 63 98 98 119 95 117 74 98 81 129 85 91 91 124 137 137 112 103 118 148 150 161 175 171 122 158 175 189 180 185 195 213 169 183 189 186 199 184 217 183 175 171 206 189 197 197 245 189 265 201 218 243 238 197 204 196 207 240 204 272 261 249 240 254 270 259 266 315 277 253 247 272 276 324 276 272 244 309 254 255 257 307 299 262 356 308 347 331 315 306 322 281 350 356 316 313 337 342 351 354 328 353 327 372 348 348 316 362 354 369 379 410 404 413 426 354 368 388 40 60 63 75 45 45 78 64 54 93 89 74 81 68 95 81 115 94 108 80 123 154 86 96 133 107 122 105 147 145 133 124 153 158 139 159 124 162 172 164 161 138 188 165 154 208 163 200 196 187 158 74 61 68 58 62 49 104 56 86 77 94 83 81 116 100 68 73 93 100 86 104 149 142 121 88 92 143 128 157 148 161 128 153 142 161 163 184 142 144 150 190 162 163 206 157 180 166 167 206 217 158 175 174 80 58 68 100 130 92 98 85 113 100 110 91 110 106 130 123 92 132 153 118 117 123 112 126 116 173 139 155 132 178 189 178 141 132 193 184 184 179 178 176 181 65 57 67 85 73 98 121 113 121 106 143 114 122 146 146 174 148 180 190 170 194 185 46 75 80 85 101 102 89 113 106 113 115 140 154 141 167 168 158 158 201 182 189 221 63 95 79 82 106 121 101 104 133 131 148 150 150 174 178 176 173 196 185 178 82 84 100 89 97 120 112 124 110 133 157 154 151 160 184 185 178 177 192 189 77 68 70 63 104 110 104 97 130 137 138 132 139 160 166 162 162 156 162 67 54 93 75 69 77 116 93 131 128 126 125 152 151 154 162 187 164 187 41 61 70 87 96 114 99 112 127 112 141 131 154 174 165 186 61 49 89 64 104 94 115 118 107 121 128 126 161 145 141 158 173 57 59 84 101 101 92 124 129 115 136 124 140 150 155 157 186 185 48 45 57 92 85 106 86 89 110 123 115 116 145 147 159 183 160 43 46 49 92 64 68 101 106 128 114 107 113 142 144 167 151 186 191 31 33 77 65 69 93 84 102 83 109 110 145 151 156 142 166 157 149 44 62 45 59 69 67 82 107 112 122 102 118 123 124 168 160 46 51 55 63 63 76 86 95 119 128 125 126 139 155 144 158 32 54 45 63 61 99 107 81 124 122 143 117 146 135 154 177 178 55 38 38 
Max memory used: 426mb
Execution time: 9886 seconds
		CPT_App_0	CPT_App_1	CPT_App_2	CPT_App_3	CPT_App_4	CPT_App_5	CPT_App_6	CPT_App_7	CPT_App_8	CPT_App_9	CPT_App_10	CPT_App_11	CPT_App_12	CPT_App_13	CPT_App_14	CPT_App_15	CPT_App_16	CPT_App_17	CPT_App_18	CPT_App_19	
Success   	4.384	4.795	6.301	7.26	7.534	8.219	9.041	9.178	9.589	9.726	10.411	10.685	10.685	10.959	11.507	11.781	11.644	12.192	12.055	12.055
Failure   	95.616	95.205	93.699	92.74	92.466	91.781	90.959	90.822	90.411	90.274	89.589	89.315	89.315	89.041	88.493	88.219	88.356	87.808	87.945	87.945
No Match  	00.000	00.000	00.000	00.000	00.000	00.000	00.000	00.000	00.000	00.000	00.000	00.000	00.000	00.000	00.000	00.000	00.000	00.000	00.000	00.000
Too Small	00.000	00.000	00.000	00.000	00.000	00.000	00.000	00.000	00.000	00.000	00.000	00.000	00.000	00.000	00.000	00.000	00.000	00.000	00.000	00.000
Overall   	4.384	4.795	6.301	7.26	7.534	8.219	9.041	9.178	9.589	9.726	10.411	10.685	10.685	10.959	11.507	11.781	11.644	12.192	12.055	12.055
Size (MB)	0.039	0.039	0.039	0.039	0.039	0.039	0.039	0.039	0.039	0.039	0.039	0.039	0.039	0.039	0.039	0.039	0.039	0.039	0.039	0.039
Train Tim	0.219	0.216	0.215	0.217	0.216	0.219	0.218	0.216	0.218	0.216	0.218	0.215	0.215	0.216	0.218	0.221	0.216	0.217	0.217	0.216
Test Time	28.106	31.036	32.745	33.387	34.68	34.764	35.314	35.625	36.078	36.499	36.674	36.614	36.895	37.056	37.294	37.877	37.526	38.051	37.838	37.897


---MSNBC---
Number of sequences : 	5000
Number of distinct items: 	17
Largest item id: 	17
Itemsets per sequence: 	10.7638
Distinct item per sequence: 	4.7462
Occurences for each item: 	2.267877459862627
Size of the dataset in MB: 	20000.215276

Memory history: 262 193 78 27 30 57 23 45 44 59 39 57 41 43 47 75 92 86 77 90 105 85 63 98 98 119 95 117 74 98 81 129 85 91 91 124 137 137 112 103 118 148 150 161 175 171 122 158 175 189 180 185 195 213 169 183 189 186 199 184 217 183 175 171 206 189 197 197 245 189 265 201 218 243 238 197 204 196 207 240 204 272 261 249 240 254 270 259 266 315 277 253 247 272 276 324 276 272 244 309 254 255 257 307 299 262 356 308 347 331 315 306 322 281 350 356 316 313 337 342 351 354 328 353 327 372 348 348 316 362 354 369 379 410 404 413 426 354 368 388 40 60 63 75 45 45 78 64 54 93 89 74 81 68 95 81 115 94 108 80 123 154 86 96 133 107 122 105 147 145 133 124 153 158 139 159 124 162 172 164 161 138 188 165 154 208 163 200 196 187 158 74 61 68 58 62 49 104 56 86 77 94 83 81 116 100 68 73 93 100 86 104 149 142 121 88 92 143 128 157 148 161 128 153 142 161 163 184 142 144 150 190 162 163 206 157 180 166 167 206 217 158 175 174 80 58 68 100 130 92 98 85 113 100 110 91 110 106 130 123 92 132 153 118 117 123 112 126 116 173 139 155 132 178 189 178 141 132 193 184 184 179 178 176 181 65 57 67 85 73 98 121 113 121 106 143 114 122 146 146 174 148 180 190 170 194 185 46 75 80 85 101 102 89 113 106 113 115 140 154 141 167 168 158 158 201 182 189 221 63 95 79 82 106 121 101 104 133 131 148 150 150 174 178 176 173 196 185 178 82 84 100 89 97 120 112 124 110 133 157 154 151 160 184 185 178 177 192 189 77 68 70 63 104 110 104 97 130 137 138 132 139 160 166 162 162 156 162 67 54 93 75 69 77 116 93 131 128 126 125 152 151 154 162 187 164 187 41 61 70 87 96 114 99 112 127 112 141 131 154 174 165 186 61 49 89 64 104 94 115 118 107 121 128 126 161 145 141 158 173 57 59 84 101 101 92 124 129 115 136 124 140 150 155 157 186 185 48 45 57 92 85 106 86 89 110 123 115 116 145 147 159 183 160 43 46 49 92 64 68 101 106 128 114 107 113 142 144 167 151 186 191 31 33 77 65 69 93 84 102 83 109 110 145 151 156 142 166 157 149 44 62 45 59 69 67 82 107 112 122 102 118 123 124 168 160 46 51 55 63 63 76 86 95 119 128 125 126 139 155 144 158 32 54 45 63 61 99 107 81 124 122 143 117 146 135 154 177 178 55 38 38 54 38 59 97 52 53 100 73 71 103 54 108 55 90 94 62 75 113 77 72 115 62 122 99 69 98 69 89 72 80 114 116 132 119 101 91 75 112 85 136 129 125 108 125 90 137 125 130 141 115 101 135 124 108 145 155 111 109 141 105 146 124 177 162 120 151 161 148 154 165 160 150 142 132 113 163 150 167 159 148 138 190 121 174 148 139 164 174 137 165 182 185 190 167 178 173 167 173 182 168 148 165 143 151 241 209 162 189 157 47 60 26 60 44 22 52 42 75 66 51 44 35 61 93 51 88 36 77 43 68 92 81 67 64 84 93 80 68 83 76 88 98 85 100 94 108 58 74 61 103 95 93 105 124 99 97 81 83 115 116 99 120 118 108 128 83 111 76 146 130 139 124 140 89 152 154 94 92 141 129 135 139 94 145 139 160 156 105 133 173 129 169 168 151 152 180 141 162 147 164 152 123 192 182 152 137 127 173 191 176 182 164 137 154 156 143 146 185 131 192 153 196 141 183 184 170 186 146 148 204 198 148 39 41 45 68 80 40 53 49 44 55 62 44 80 76 94 50 62 83 70 71 69 58 96 89 81 68 52 94 98 54 94 91 63 90 70 109 120 113 66 113 97 85 105 79 95 137 90 128 128 
Max memory used: 426mb
Execution time: 1148 seconds
		CPT_App_0	CPT_App_1	CPT_App_2	CPT_App_3	CPT_App_4	CPT_App_5	CPT_App_6	CPT_App_7	CPT_App_8	CPT_App_9	CPT_App_10	CPT_App_11	CPT_App_12	CPT_App_13	CPT_App_14	CPT_App_15	CPT_App_16	CPT_App_17	CPT_App_18	CPT_App_19	
Success   	43.36	44.88	46.08	47.4	47.44	47.5	47.52	47.52	47.58	47.78	47.8	47.92	47.9	47.9	47.88	47.76	47.7	47.88	47.92	47.76
Failure   	56.64	55.12	53.92	52.6	52.56	52.5	52.48	52.48	52.42	52.22	52.2	52.08	52.1	52.1	52.12	52.24	52.3	52.12	52.08	52.24
No Match  	00.000	00.000	00.000	00.000	00.000	00.000	00.000	00.000	00.000	00.000	00.000	00.000	00.000	00.000	00.000	00.000	00.000	00.000	00.000	00.000
Too Small	00.000	00.000	00.000	00.000	00.000	00.000	00.000	00.000	00.000	00.000	00.000	00.000	00.000	00.000	00.000	00.000	00.000	00.000	00.000	00.000
Overall   	43.36	44.88	46.08	47.4	47.44	47.5	47.52	47.52	47.58	47.78	47.8	47.92	47.9	47.9	47.88	47.76	47.7	47.88	47.92	47.76
Size (MB)	0.111	0.111	0.111	0.111	0.111	0.111	0.111	0.111	0.111	0.111	0.111	0.111	0.111	0.111	0.111	0.111	0.111	0.111	0.111	0.111
Train Tim	0.008	0.007	0.007	0.007	0.007	0.007	0.009	0.008	0.007	0.008	0.008	0.007	0.007	0.008	0.008	0.007	0.007	0.007	0.007	0.008
Test Time	2.866	3.461	3.397	3.526	3.665	3.805	3.965	4.106	4.152	4.251	4.349	4.415	4.454	4.502	4.568	4.598	4.646	4.74	4.699	4.73


---BIBLE_WORD---
Number of sequences : 	4933
Number of distinct items: 	5422
Largest item id: 	5433
Itemsets per sequence: 	20.604500304074598
Distinct item per sequence: 	16.704844921954187
Occurences for each item: 	1.233444572538074
Size of the dataset in MB: 	19732.406568

Memory history: 262 193 78 27 30 57 23 45 44 59 39 57 41 43 47 75 92 86 77 90 105 85 63 98 98 119 95 117 74 98 81 129 85 91 91 124 137 137 112 103 118 148 150 161 175 171 122 158 175 189 180 185 195 213 169 183 189 186 199 184 217 183 175 171 206 189 197 197 245 189 265 201 218 243 238 197 204 196 207 240 204 272 261 249 240 254 270 259 266 315 277 253 247 272 276 324 276 272 244 309 254 255 257 307 299 262 356 308 347 331 315 306 322 281 350 356 316 313 337 342 351 354 328 353 327 372 348 348 316 362 354 369 379 410 404 413 426 354 368 388 40 60 63 75 45 45 78 64 54 93 89 74 81 68 95 81 115 94 108 80 123 154 86 96 133 107 122 105 147 145 133 124 153 158 139 159 124 162 172 164 161 138 188 165 154 208 163 200 196 187 158 74 61 68 58 62 49 104 56 86 77 94 83 81 116 100 68 73 93 100 86 104 149 142 121 88 92 143 128 157 148 161 128 153 142 161 163 184 142 144 150 190 162 163 206 157 180 166 167 206 217 158 175 174 80 58 68 100 130 92 98 85 113 100 110 91 110 106 130 123 92 132 153 118 117 123 112 126 116 173 139 155 132 178 189 178 141 132 193 184 184 179 178 176 181 65 57 67 85 73 98 121 113 121 106 143 114 122 146 146 174 148 180 190 170 194 185 46 75 80 85 101 102 89 113 106 113 115 140 154 141 167 168 158 158 201 182 189 221 63 95 79 82 106 121 101 104 133 131 148 150 150 174 178 176 173 196 185 178 82 84 100 89 97 120 112 124 110 133 157 154 151 160 184 185 178 177 192 189 77 68 70 63 104 110 104 97 130 137 138 132 139 160 166 162 162 156 162 67 54 93 75 69 77 116 93 131 128 126 125 152 151 154 162 187 164 187 41 61 70 87 96 114 99 112 127 112 141 131 154 174 165 186 61 49 89 64 104 94 115 118 107 121 128 126 161 145 141 158 173 57 59 84 101 101 92 124 129 115 136 124 140 150 155 157 186 185 48 45 57 92 85 106 86 89 110 123 115 116 145 147 159 183 160 43 46 49 92 64 68 101 106 128 114 107 113 142 144 167 151 186 191 31 33 77 65 69 93 84 102 83 109 110 145 151 156 142 166 157 149 44 62 45 59 69 67 82 107 112 122 102 118 123 124 168 160 46 51 55 63 63 76 86 95 119 128 125 126 139 155 144 158 32 54 45 63 61 99 107 81 124 122 143 117 146 135 154 177 178 55 38 38 54 38 59 97 52 53 100 73 71 103 54 108 55 90 94 62 75 113 77 72 115 62 122 99 69 98 69 89 72 80 114 116 132 119 101 91 75 112 85 136 129 125 108 125 90 137 125 130 141 115 101 135 124 108 145 155 111 109 141 105 146 124 177 162 120 151 161 148 154 165 160 150 142 132 113 163 150 167 159 148 138 190 121 174 148 139 164 174 137 165 182 185 190 167 178 173 167 173 182 168 148 165 143 151 241 209 162 189 157 47 60 26 60 44 22 52 42 75 66 51 44 35 61 93 51 88 36 77 43 68 92 81 67 64 84 93 80 68 83 76 88 98 85 100 94 108 58 74 61 103 95 93 105 124 99 97 81 83 115 116 99 120 118 108 128 83 111 76 146 130 139 124 140 89 152 154 94 92 141 129 135 139 94 145 139 160 156 105 133 173 129 169 168 151 152 180 141 162 147 164 152 123 192 182 152 137 127 173 191 176 182 164 137 154 156 143 146 185 131 192 153 196 141 183 184 170 186 146 148 204 198 148 39 41 45 68 80 40 53 49 44 55 62 44 80 76 94 50 62 83 70 71 69 58 96 89 81 68 52 94 98 54 94 91 63 90 70 109 120 113 66 113 97 85 105 79 95 137 90 128 128 147 151 145 109 138 152 190 177 156 189 140 127 165 199 146 183 203 179 225 157 105 77 57 46 104 134 55 93 129 72 118 80 95 141 147 137 171 91 175 146 106 111 166 151 117 181 134 136 176 155 144 188 164 188 172 68 40 98 46 48 68 92 125 115 77 99 124 122 103 172 109 156 128 149 147 138 188 188 123 170 133 190 164 198 205 212 185 164 208 223 108 49 91 58 102 112 105 142 76 95 103 88 151 133 95 129 104 171 177 177 128 124 138 132 207 221 149 202 203 182 199 186 213 191 214 95 114 74 91 130 67 91 98 87 86 130 184 153 97 152 148 165 158 194 154 173 144 181 216 227 151 169 201 206 236 187 256 193 259 175 69 106 113 114 84 78 150 169 165 141 170 119 133 139 142 210 117 183 193 143 213 224 206 157 183 198 225 241 242 224 170 213 216 268 73 75 124 170 174 158 164 124 146 163 153 147 139 134 194 160 201 159 133 136 182 198 153 226 203 251 222 215 169 245 230 250 204 201 101 91 82 125 100 91 173 127 154 143 128 138 189 185 163 154 148 176 203 169 204 230 189 156 231 202 183 269 213 208 227 268 288 207 209 232 139 130 87 161 124 186 110 141 118 160 168 158 148 188 215 150 150 
Max memory used: 426mb
Execution time: 736 seconds
		CPT_App_0	CPT_App_1	CPT_App_2	CPT_App_3	CPT_App_4	CPT_App_5	CPT_App_6	CPT_App_7	CPT_App_8	CPT_App_9	CPT_App_10	CPT_App_11	CPT_App_12	CPT_App_13	CPT_App_14	CPT_App_15	CPT_App_16	CPT_App_17	CPT_App_18	CPT_App_19	
Success   	27.226	23.407	21.405	20.282	19.526	18.607	17.749	16.891	16.115	15.421	14.788	14.4	13.971	13.603	13.276	13.051	12.888	12.623	12.398	12.214
Failure   	72.774	76.593	78.595	79.718	80.474	81.393	82.251	83.109	83.885	84.579	85.212	85.6	86.029	86.397	86.724	86.949	87.112	87.377	87.602	87.786
No Match  	0.75	0.75	0.75	0.75	0.75	0.75	0.75	0.75	0.75	0.75	0.75	0.75	0.75	0.75	0.75	0.75	0.75	0.75	0.75	0.75
Too Small	00.000	00.000	00.000	00.000	00.000	00.000	00.000	00.000	00.000	00.000	00.000	00.000	00.000	00.000	00.000	00.000	00.000	00.000	00.000	00.000
Overall   	27.022	23.231	21.245	20.13	19.38	18.467	17.616	16.765	15.994	15.305	14.677	14.292	13.866	13.501	13.177	12.954	12.791	12.528	12.305	12.122
Size (MB)	1.77	1.77	1.77	1.77	1.77	1.77	1.77	1.77	1.77	1.77	1.77	1.77	1.77	1.77	1.77	1.77	1.77	1.77	1.77	1.77
Train Tim	0.031	0.031	0.031	0.03	0.03	0.03	0.03	0.03	0.032	0.03	0.031	0.028	0.028	0.032	0.028	0.03	0.031	0.03	0.03	0.028
Test Time	1.932	2.156	2.271	2.385	2.435	2.507	2.538	2.661	2.666	2.72	2.683	2.76	2.781	2.753	2.816	2.799	2.808	2.818	2.81	2.914


---BIBLE_CHAR---
Number of sequences : 	5000
Number of distinct items: 	74
Largest item id: 	122
Itemsets per sequence: 	133.01
Distinct item per sequence: 	26.0638
Occurences for each item: 	5.1032466486084145
Size of the dataset in MB: 	20002.6602

Memory history: 262 193 78 27 30 57 23 45 44 59 39 57 41 43 47 75 92 86 77 90 105 85 63 98 98 119 95 117 74 98 81 129 85 91 91 124 137 137 112 103 118 148 150 161 175 171 122 158 175 189 180 185 195 213 169 183 189 186 199 184 217 183 175 171 206 189 197 197 245 189 265 201 218 243 238 197 204 196 207 240 204 272 261 249 240 254 270 259 266 315 277 253 247 272 276 324 276 272 244 309 254 255 257 307 299 262 356 308 347 331 315 306 322 281 350 356 316 313 337 342 351 354 328 353 327 372 348 348 316 362 354 369 379 410 404 413 426 354 368 388 40 60 63 75 45 45 78 64 54 93 89 74 81 68 95 81 115 94 108 80 123 154 86 96 133 107 122 105 147 145 133 124 153 158 139 159 124 162 172 164 161 138 188 165 154 208 163 200 196 187 158 74 61 68 58 62 49 104 56 86 77 94 83 81 116 100 68 73 93 100 86 104 149 142 121 88 92 143 128 157 148 161 128 153 142 161 163 184 142 144 150 190 162 163 206 157 180 166 167 206 217 158 175 174 80 58 68 100 130 92 98 85 113 100 110 91 110 106 130 123 92 132 153 118 117 123 112 126 116 173 139 155 132 178 189 178 141 132 193 184 184 179 178 176 181 65 57 67 85 73 98 121 113 121 106 143 114 122 146 146 174 148 180 190 170 194 185 46 75 80 85 101 102 89 113 106 113 115 140 154 141 167 168 158 158 201 182 189 221 63 95 79 82 106 121 101 104 133 131 148 150 150 174 178 176 173 196 185 178 82 84 100 89 97 120 112 124 110 133 157 154 151 160 184 185 178 177 192 189 77 68 70 63 104 110 104 97 130 137 138 132 139 160 166 162 162 156 162 67 54 93 75 69 77 116 93 131 128 126 125 152 151 154 162 187 164 187 41 61 70 87 96 114 99 112 127 112 141 131 154 174 165 186 61 49 89 64 104 94 115 118 107 121 128 126 161 145 141 158 173 57 59 84 101 101 92 124 129 115 136 124 140 150 155 157 186 185 48 45 57 92 85 106 86 89 110 123 115 116 145 147 159 183 160 43 46 49 92 64 68 101 106 128 114 107 113 142 144 167 151 186 191 31 33 77 65 69 93 84 102 83 109 110 145 151 156 142 166 157 149 44 62 45 59 69 67 82 107 112 122 102 118 123 124 168 160 46 51 55 63 63 76 86 95 119 128 125 126 139 155 144 158 32 54 45 63 61 99 107 81 124 122 143 117 146 135 154 177 178 55 38 38 54 38 59 97 52 53 100 73 71 103 54 108 55 90 94 62 75 113 77 72 115 62 122 99 69 98 69 89 72 80 114 116 132 119 101 91 75 112 85 136 129 125 108 125 90 137 125 130 141 115 101 135 124 108 145 155 111 109 141 105 146 124 177 162 120 151 161 148 154 165 160 150 142 132 113 163 150 167 159 148 138 190 121 174 148 139 164 174 137 165 182 185 190 167 178 173 167 173 182 168 148 165 143 151 241 209 162 189 157 47 60 26 60 44 22 52 42 75 66 51 44 35 61 93 51 88 36 77 43 68 92 81 67 64 84 93 80 68 83 76 88 98 85 100 94 108 58 74 61 103 95 93 105 124 99 97 81 83 115 116 99 120 118 108 128 83 111 76 146 130 139 124 140 89 152 154 94 92 141 129 135 139 94 145 139 160 156 105 133 173 129 169 168 151 152 180 141 162 147 164 152 123 192 182 152 137 127 173 191 176 182 164 137 154 156 143 146 185 131 192 153 196 141 183 184 170 186 146 148 204 198 148 39 41 45 68 80 40 53 49 44 55 62 44 80 76 94 50 62 83 70 71 69 58 96 89 81 68 52 94 98 54 94 91 63 90 70 109 120 113 66 113 97 85 105 79 95 137 90 128 128 147 151 145 109 138 152 190 177 156 189 140 127 165 199 146 183 203 179 225 157 105 77 57 46 104 134 55 93 129 72 118 80 95 141 147 137 171 91 175 146 106 111 166 151 117 181 134 136 176 155 144 188 164 188 172 68 40 98 46 48 68 92 125 115 77 99 124 122 103 172 109 156 128 149 147 138 188 188 123 170 133 190 164 198 205 212 185 164 208 223 108 49 91 58 102 112 105 142 76 95 103 88 151 133 95 129 104 171 177 177 128 124 138 132 207 221 149 202 203 182 199 186 213 191 214 95 114 74 91 130 67 91 98 87 86 130 184 153 97 152 148 165 158 194 154 173 144 181 216 227 151 169 201 206 236 187 256 193 259 175 69 106 113 114 84 78 150 169 165 141 170 119 133 139 142 210 117 183 193 143 213 224 206 157 183 198 225 241 242 224 170 213 216 268 73 75 124 170 174 158 164 124 146 163 153 147 139 134 194 160 201 159 133 136 182 198 153 226 203 251 222 215 169 245 230 250 204 201 101 91 82 125 100 91 173 127 154 143 128 138 189 185 163 154 148 176 203 169 204 230 189 156 231 202 183 269 213 208 227 268 288 207 209 232 139 130 87 161 124 186 110 141 118 160 168 158 148 188 215 150 150 281 189 156 171 207 187 163 216 193 166 174 224 199 172 181 187 239 209 174 195 209 242 182 230 175 187 182 189 239 195 255 252 194 205 206 225 258 198 210 252 221 209 267 197 245 240 233 221 258 270 274 265 238 286 256 99 113 107 92 90 127 93 130 86 134 99 104 94 94 143 137 114 126 96 121 147 102 108 149 157 111 161 129 135 133 172 169 132 171 151 168 140 188 121 180 124 138 140 182 174 184 159 153 155 151 168 135 132 143 179 143 191 194 205 156 203 172 162 144 219 186 166 210 162 163 194 171 197 184 218 209 214 206 180 169 185 180 223 225 226 184 183 202 200 190 185 226 238 244 224 197 260 236 246 223 207 242 192 229 201 275 194 196 203 206 247 244 233 243 250 206 230 93 109 86 86 80 63 93 98 80 75 72 103 99 85 109 95 75 100 113 86 110 103 95 89 88 121 88 105 108 131 129 96 147 109 122 121 103 106 111 105 106 140 111 124 116 145 109 143 130 139 123 127 118 121 155 136 134 177 141 244 138 147 187 135 179 145 163 153 149 138 153 153 148 185 164 165 159 182 189 155 187 173 177 192 198 203 193 207 207 203 212 210 188 169 211 208 177 193 195 204 212 189 198 201 58 42 81 64 64 
Max memory used: 426mb
Execution time: 1183 seconds
		CPT_App_0	CPT_App_1	CPT_App_2	CPT_App_3	CPT_App_4	CPT_App_5	CPT_App_6	CPT_App_7	CPT_App_8	CPT_App_9	CPT_App_10	CPT_App_11	CPT_App_12	CPT_App_13	CPT_App_14	CPT_App_15	CPT_App_16	CPT_App_17	CPT_App_18	CPT_App_19	
Success   	86.02	85.06	84.34	84.12	83.24	83.3	82.62	82.42	82.1	81.92	81.42	81.2	80.82	80.56	80.34	80.28	80.28	80.22	79.9	79.78
Failure   	13.98	14.94	15.66	15.88	16.76	16.7	17.38	17.58	17.9	18.08	18.58	18.8	19.18	19.44	19.66	19.72	19.72	19.78	20.1	20.22
No Match  	00.000	00.000	00.000	00.000	00.000	00.000	00.000	00.000	00.000	00.000	00.000	00.000	00.000	00.000	00.000	00.000	00.000	00.000	00.000	00.000
Too Small	00.000	00.000	00.000	00.000	00.000	00.000	00.000	00.000	00.000	00.000	00.000	00.000	00.000	00.000	00.000	00.000	00.000	00.000	00.000	00.000
Overall   	86.02	85.06	84.34	84.12	83.24	83.3	82.62	82.42	82.1	81.92	81.42	81.2	80.82	80.56	80.34	80.28	80.28	80.22	79.9	79.78
Size (MB)	0.131	0.131	0.131	0.131	0.131	0.131	0.131	0.131	0.131	0.131	0.131	0.131	0.131	0.131	0.131	0.131	0.131	0.131	0.131	0.131
Train Tim	0.011	0.011	0.011	0.012	0.011	0.011	0.011	0.011	0.01	0.013	0.011	0.011	0.011	0.011	0.011	0.011	0.012	0.012	0.011	0.012
Test Time	2.659	2.98	3.302	3.565	3.692	3.812	3.912	4.04	4.171	4.582	4.404	4.459	4.548	4.585	4.715	4.877	4.851	5.099	5.069	5.101


---KOSARAK---
Number of sequences : 	5000
Number of distinct items: 	11490
Largest item id: 	14895
Itemsets per sequence: 	28.5792
Distinct item per sequence: 	28.579
Occurences for each item: 	1.0000069981454915
Size of the dataset in MB: 	20000.571584

Memory history: 262 193 78 27 30 57 23 45 44 59 39 57 41 43 47 75 92 86 77 90 105 85 63 98 98 119 95 117 74 98 81 129 85 91 91 124 137 137 112 103 118 148 150 161 175 171 122 158 175 189 180 185 195 213 169 183 189 186 199 184 217 183 175 171 206 189 197 197 245 189 265 201 218 243 238 197 204 196 207 240 204 272 261 249 240 254 270 259 266 315 277 253 247 272 276 324 276 272 244 309 254 255 257 307 299 262 356 308 347 331 315 306 322 281 350 356 316 313 337 342 351 354 328 353 327 372 348 348 316 362 354 369 379 410 404 413 426 354 368 388 40 60 63 75 45 45 78 64 54 93 89 74 81 68 95 81 115 94 108 80 123 154 86 96 133 107 122 105 147 145 133 124 153 158 139 159 124 162 172 164 161 138 188 165 154 208 163 200 196 187 158 74 61 68 58 62 49 104 56 86 77 94 83 81 116 100 68 73 93 100 86 104 149 142 121 88 92 143 128 157 148 161 128 153 142 161 163 184 142 144 150 190 162 163 206 157 180 166 167 206 217 158 175 174 80 58 68 100 130 92 98 85 113 100 110 91 110 106 130 123 92 132 153 118 117 123 112 126 116 173 139 155 132 178 189 178 141 132 193 184 184 179 178 176 181 65 57 67 85 73 98 121 113 121 106 143 114 122 146 146 174 148 180 190 170 194 185 46 75 80 85 101 102 89 113 106 113 115 140 154 141 167 168 158 158 201 182 189 221 63 95 79 82 106 121 101 104 133 131 148 150 150 174 178 176 173 196 185 178 82 84 100 89 97 120 112 124 110 133 157 154 151 160 184 185 178 177 192 189 77 68 70 63 104 110 104 97 130 137 138 132 139 160 166 162 162 156 162 67 54 93 75 69 77 116 93 131 128 126 125 152 151 154 162 187 164 187 41 61 70 87 96 114 99 112 127 112 141 131 154 174 165 186 61 49 89 64 104 94 115 118 107 121 128 126 161 145 141 158 173 57 59 84 101 101 92 124 129 115 136 124 140 150 155 157 186 185 48 45 57 92 85 106 86 89 110 123 115 116 145 147 159 183 160 43 46 49 92 64 68 101 106 128 114 107 113 142 144 167 151 186 191 31 33 77 65 69 93 84 102 83 109 110 145 151 156 142 166 157 149 44 62 45 59 69 67 82 107 112 122 102 118 123 124 168 160 46 51 55 63 63 76 86 95 119 128 125 126 139 155 144 158 32 54 45 63 61 99 107 81 124 122 143 117 146 135 154 177 178 55 38 38 54 38 59 97 52 53 100 73 71 103 54 108 55 90 94 62 75 113 77 72 115 62 122 99 69 98 69 89 72 80 114 116 132 119 101 91 75 112 85 136 129 125 108 125 90 137 125 130 141 115 101 135 124 108 145 155 111 109 141 105 146 124 177 162 120 151 161 148 154 165 160 150 142 132 113 163 150 167 159 148 138 190 121 174 148 139 164 174 137 165 182 185 190 167 178 173 167 173 182 168 148 165 143 151 241 209 162 189 157 47 60 26 60 44 22 52 42 75 66 51 44 35 61 93 51 88 36 77 43 68 92 81 67 64 84 93 80 68 83 76 88 98 85 100 94 108 58 74 61 103 95 93 105 124 99 97 81 83 115 116 99 120 118 108 128 83 111 76 146 130 139 124 140 89 152 154 94 92 141 129 135 139 94 145 139 160 156 105 133 173 129 169 168 151 152 180 141 162 147 164 152 123 192 182 152 137 127 173 191 176 182 164 137 154 156 143 146 185 131 192 153 196 141 183 184 170 186 146 148 204 198 148 39 41 45 68 80 40 53 49 44 55 62 44 80 76 94 50 62 83 70 71 69 58 96 89 81 68 52 94 98 54 94 91 63 90 70 109 120 113 66 113 97 85 105 79 95 137 90 128 128 147 151 145 109 138 152 190 177 156 189 140 127 165 199 146 183 203 179 225 157 105 77 57 46 104 134 55 93 129 72 118 80 95 141 147 137 171 91 175 146 106 111 166 151 117 181 134 136 176 155 144 188 164 188 172 68 40 98 46 48 68 92 125 115 77 99 124 122 103 172 109 156 128 149 147 138 188 188 123 170 133 190 164 198 205 212 185 164 208 223 108 49 91 58 102 112 105 142 76 95 103 88 151 133 95 129 104 171 177 177 128 124 138 132 207 221 149 202 203 182 199 186 213 191 214 95 114 74 91 130 67 91 98 87 86 130 184 153 97 152 148 165 158 194 154 173 144 181 216 227 151 169 201 206 236 187 256 193 259 175 69 106 113 114 84 78 150 169 165 141 170 119 133 139 142 210 117 183 193 143 213 224 206 157 183 198 225 241 242 224 170 213 216 268 73 75 124 170 174 158 164 124 146 163 153 147 139 134 194 160 201 159 133 136 182 198 153 226 203 251 222 215 169 245 230 250 204 201 101 91 82 125 100 91 173 127 154 143 128 138 189 185 163 154 148 176 203 169 204 230 189 156 231 202 183 269 213 208 227 268 288 207 209 232 139 130 87 161 124 186 110 141 118 160 168 158 148 188 215 150 150 281 189 156 171 207 187 163 216 193 166 174 224 199 172 181 187 239 209 174 195 209 242 182 230 175 187 182 189 239 195 255 252 194 205 206 225 258 198 210 252 221 209 267 197 245 240 233 221 258 270 274 265 238 286 256 99 113 107 92 90 127 93 130 86 134 99 104 94 94 143 137 114 126 96 121 147 102 108 149 157 111 161 129 135 133 172 169 132 171 151 168 140 188 121 180 124 138 140 182 174 184 159 153 155 151 168 135 132 143 179 143 191 194 205 156 203 172 162 144 219 186 166 210 162 163 194 171 197 184 218 209 214 206 180 169 185 180 223 225 226 184 183 202 200 190 185 226 238 244 224 197 260 236 246 223 207 242 192 229 201 275 194 196 203 206 247 244 233 243 250 206 230 93 109 86 86 80 63 93 98 80 75 72 103 99 85 109 95 75 100 113 86 110 103 95 89 88 121 88 105 108 131 129 96 147 109 122 121 103 106 111 105 106 140 111 124 116 145 109 143 130 139 123 127 118 121 155 136 134 177 141 244 138 147 187 135 179 145 163 153 149 138 153 153 148 185 164 165 159 182 189 155 187 173 177 192 198 203 193 207 207 203 212 210 188 169 211 208 177 193 195 204 212 189 198 201 58 42 81 64 64 65 84 109 111 118 133 155 47 62 63 111 106 130 123 151 153 75 100 113 127 126 141 169 190 67 94 108 127 120 140 151 173 178 67 78 94 106 123 163 159 174 186 92 90 110 133 155 169 187 178 59 93 128 126 156 153 187 194 74 108 129 147 151 149 191 219 105 127 145 151 163 155 176 209 96 106 130 139 139 188 179 205 109 128 116 154 171 182 205 191 98 113 158 166 183 198 206 229 124 118 130 175 164 197 212 229 102 129 123 151 178 180 198 216 111 128 123 154 173 195 224 241 134 139 156 154 164 185 201 232 115 149 143 161 185 181 234 223 104 130 158 154 174 218 205 259 145 156 148 188 197 205 249 241 132 164 190 175 203 246 251 238 123 177 185 184 227 226 237 271 146 151 187 184 228 232 258 281 129 152 187 218 218 226 250 276 130 167 193 192 242 246 243 292 149 162 202 210 232 234 262 272 158 171 172 220 213 227 272 275 187 205 227 245 261 265 284 168 199 191 210 223 255 290 289 184 202 227 217 258 253 270 282 172 194 209 248 268 275 277 303 175 203 214 239 240 265 320 295 196 206 232 227 266 272 279 307 178 224 205 251 265 298 303 293 202 207 211 253 265 292 306 320 174 209 203 227 269 286 301 301 
Max memory used: 426mb
Execution time: 7962 seconds
		CPT_App_0	CPT_App_1	CPT_App_2	CPT_App_3	CPT_App_4	CPT_App_5	CPT_App_6	CPT_App_7	CPT_App_8	CPT_App_9	CPT_App_10	CPT_App_11	CPT_App_12	CPT_App_13	CPT_App_14	CPT_App_15	CPT_App_16	CPT_App_17	CPT_App_18	CPT_App_19	
Success   	18.113	20.337	21.178	21.479	21.599	21.719	21.859	22.1	22.06	22.04	22.12	22.04	22.04	21.919	21.839	21.739	21.799	21.659	21.539	21.499
Failure   	81.887	79.663	78.822	78.521	78.401	78.281	78.141	77.9	77.94	77.96	77.88	77.96	77.96	78.081	78.161	78.261	78.201	78.341	78.461	78.501
No Match  	0.18	0.18	0.18	0.18	0.18	0.18	0.18	0.18	0.18	0.18	0.18	0.18	0.18	0.18	0.18	0.18	0.18	0.18	0.18	0.18
Too Small	00.000	00.000	00.000	00.000	00.000	00.000	00.000	00.000	00.000	00.000	00.000	00.000	00.000	00.000	00.000	00.000	00.000	00.000	00.000	00.000
Overall   	18.08	20.3	21.14	21.44	21.56	21.68	21.82	22.06	22.02	22	22.08	22	22	21.88	21.8	21.7	21.76	21.62	21.5	21.46
Size (MB)	4.932	4.932	4.932	4.932	4.932	4.932	4.932	4.932	4.932	4.932	4.932	4.932	4.932	4.932	4.932	4.932	4.932	4.932	4.932	4.932
Train Tim	0.083	0.082	0.083	0.082	0.088	0.086	0.083	0.083	0.082	0.085	0.082	0.09	0.087	0.085	0.084	0.083	0.089	0.081	0.155	0.082
Test Time	20.542	22.934	24.456	25.957	26.711	27.551	28.072	29.028	29.439	29.497	30.188	30.894	31.074	30.983	31.529	31.195	31.51	31.543	31.82	32.324


---FIFA---
Number of sequences : 	5000
Number of distinct items: 	2612
Largest item id: 	2775
Itemsets per sequence: 	40.1966
Distinct item per sequence: 	38.6178
Occurences for each item: 	1.0408827017592923
Size of the dataset in MB: 	20000.803932

Memory history: 262 193 78 27 30 57 23 45 44 59 39 57 41 43 47 75 92 86 77 90 105 85 63 98 98 119 95 117 74 98 81 129 85 91 91 124 137 137 112 103 118 148 150 161 175 171 122 158 175 189 180 185 195 213 169 183 189 186 199 184 217 183 175 171 206 189 197 197 245 189 265 201 218 243 238 197 204 196 207 240 204 272 261 249 240 254 270 259 266 315 277 253 247 272 276 324 276 272 244 309 254 255 257 307 299 262 356 308 347 331 315 306 322 281 350 356 316 313 337 342 351 354 328 353 327 372 348 348 316 362 354 369 379 410 404 413 426 354 368 388 40 60 63 75 45 45 78 64 54 93 89 74 81 68 95 81 115 94 108 80 123 154 86 96 133 107 122 105 147 145 133 124 153 158 139 159 124 162 172 164 161 138 188 165 154 208 163 200 196 187 158 74 61 68 58 62 49 104 56 86 77 94 83 81 116 100 68 73 93 100 86 104 149 142 121 88 92 143 128 157 148 161 128 153 142 161 163 184 142 144 150 190 162 163 206 157 180 166 167 206 217 158 175 174 80 58 68 100 130 92 98 85 113 100 110 91 110 106 130 123 92 132 153 118 117 123 112 126 116 173 139 155 132 178 189 178 141 132 193 184 184 179 178 176 181 65 57 67 85 73 98 121 113 121 106 143 114 122 146 146 174 148 180 190 170 194 185 46 75 80 85 101 102 89 113 106 113 115 140 154 141 167 168 158 158 201 182 189 221 63 95 79 82 106 121 101 104 133 131 148 150 150 174 178 176 173 196 185 178 82 84 100 89 97 120 112 124 110 133 157 154 151 160 184 185 178 177 192 189 77 68 70 63 104 110 104 97 130 137 138 132 139 160 166 162 162 156 162 67 54 93 75 69 77 116 93 131 128 126 125 152 151 154 162 187 164 187 41 61 70 87 96 114 99 112 127 112 141 131 154 174 165 186 61 49 89 64 104 94 115 118 107 121 128 126 161 145 141 158 173 57 59 84 101 101 92 124 129 115 136 124 140 150 155 157 186 185 48 45 57 92 85 106 86 89 110 123 115 116 145 147 159 183 160 43 46 49 92 64 68 101 106 128 114 107 113 142 144 167 151 186 191 31 33 77 65 69 93 84 102 83 109 110 145 151 156 142 166 157 149 44 62 45 59 69 67 82 107 112 122 102 118 123 124 168 160 46 51 55 63 63 76 86 95 119 128 125 126 139 155 144 158 32 54 45 63 61 99 107 81 124 122 143 117 146 135 154 177 178 55 38 38 54 38 59 97 52 53 100 73 71 103 54 108 55 90 94 62 75 113 77 72 115 62 122 99 69 98 69 89 72 80 114 116 132 119 101 91 75 112 85 136 129 125 108 125 90 137 125 130 141 115 101 135 124 108 145 155 111 109 141 105 146 124 177 162 120 151 161 148 154 165 160 150 142 132 113 163 150 167 159 148 138 190 121 174 148 139 164 174 137 165 182 185 190 167 178 173 167 173 182 168 148 165 143 151 241 209 162 189 157 47 60 26 60 44 22 52 42 75 66 51 44 35 61 93 51 88 36 77 43 68 92 81 67 64 84 93 80 68 83 76 88 98 85 100 94 108 58 74 61 103 95 93 105 124 99 97 81 83 115 116 99 120 118 108 128 83 111 76 146 130 139 124 140 89 152 154 94 92 141 129 135 139 94 145 139 160 156 105 133 173 129 169 168 151 152 180 141 162 147 164 152 123 192 182 152 137 127 173 191 176 182 164 137 154 156 143 146 185 131 192 153 196 141 183 184 170 186 146 148 204 198 148 39 41 45 68 80 40 53 49 44 55 62 44 80 76 94 50 62 83 70 71 69 58 96 89 81 68 52 94 98 54 94 91 63 90 70 109 120 113 66 113 97 85 105 79 95 137 90 128 128 147 151 145 109 138 152 190 177 156 189 140 127 165 199 146 183 203 179 225 157 105 77 57 46 104 134 55 93 129 72 118 80 95 141 147 137 171 91 175 146 106 111 166 151 117 181 134 136 176 155 144 188 164 188 172 68 40 98 46 48 68 92 125 115 77 99 124 122 103 172 109 156 128 149 147 138 188 188 123 170 133 190 164 198 205 212 185 164 208 223 108 49 91 58 102 112 105 142 76 95 103 88 151 133 95 129 104 171 177 177 128 124 138 132 207 221 149 202 203 182 199 186 213 191 214 95 114 74 91 130 67 91 98 87 86 130 184 153 97 152 148 165 158 194 154 173 144 181 216 227 151 169 201 206 236 187 256 193 259 175 69 106 113 114 84 78 150 169 165 141 170 119 133 139 142 210 117 183 193 143 213 224 206 157 183 198 225 241 242 224 170 213 216 268 73 75 124 170 174 158 164 124 146 163 153 147 139 134 194 160 201 159 133 136 182 198 153 226 203 251 222 215 169 245 230 250 204 201 101 91 82 125 100 91 173 127 154 143 128 138 189 185 163 154 148 176 203 169 204 230 189 156 231 202 183 269 213 208 227 268 288 207 209 232 139 130 87 161 124 186 110 141 118 160 168 158 148 188 215 150 150 281 189 156 171 207 187 163 216 193 166 174 224 199 172 181 187 239 209 174 195 209 242 182 230 175 187 182 189 239 195 255 252 194 205 206 225 258 198 210 252 221 209 267 197 245 240 233 221 258 270 274 265 238 286 256 99 113 107 92 90 127 93 130 86 134 99 104 94 94 143 137 114 126 96 121 147 102 108 149 157 111 161 129 135 133 172 169 132 171 151 168 140 188 121 180 124 138 140 182 174 184 159 153 155 151 168 135 132 143 179 143 191 194 205 156 203 172 162 144 219 186 166 210 162 163 194 171 197 184 218 209 214 206 180 169 185 180 223 225 226 184 183 202 200 190 185 226 238 244 224 197 260 236 246 223 207 242 192 229 201 275 194 196 203 206 247 244 233 243 250 206 230 93 109 86 86 80 63 93 98 80 75 72 103 99 85 109 95 75 100 113 86 110 103 95 89 88 121 88 105 108 131 129 96 147 109 122 121 103 106 111 105 106 140 111 124 116 145 109 143 130 139 123 127 118 121 155 136 134 177 141 244 138 147 187 135 179 145 163 153 149 138 153 153 148 185 164 165 159 182 189 155 187 173 177 192 198 203 193 207 207 203 212 210 188 169 211 208 177 193 195 204 212 189 198 201 58 42 81 64 64 65 84 109 111 118 133 155 47 62 63 111 106 130 123 151 153 75 100 113 127 126 141 169 190 67 94 108 127 120 140 151 173 178 67 78 94 106 123 163 159 174 186 92 90 110 133 155 169 187 178 59 93 128 126 156 153 187 194 74 108 129 147 151 149 191 219 105 127 145 151 163 155 176 209 96 106 130 139 139 188 179 205 109 128 116 154 171 182 205 191 98 113 158 166 183 198 206 229 124 118 130 175 164 197 212 229 102 129 123 151 178 180 198 216 111 128 123 154 173 195 224 241 134 139 156 154 164 185 201 232 115 149 143 161 185 181 234 223 104 130 158 154 174 218 205 259 145 156 148 188 197 205 249 241 132 164 190 175 203 246 251 238 123 177 185 184 227 226 237 271 146 151 187 184 228 232 258 281 129 152 187 218 218 226 250 276 130 167 193 192 242 246 243 292 149 162 202 210 232 234 262 272 158 171 172 220 213 227 272 275 187 205 227 245 261 265 284 168 199 191 210 223 255 290 289 184 202 227 217 258 253 270 282 172 194 209 248 268 275 277 303 175 203 214 239 240 265 320 295 196 206 232 227 266 272 279 307 178 224 205 251 265 298 303 293 202 207 211 253 265 292 306 320 174 209 203 227 269 286 301 301 200 207 255 219 219 216 238 227 226 251 260 258 275 252 256 288 302 288 308 323 326 324 336 308 314 353 224 180 180 217 212 228 235 224 243 237 268 263 300 289 283 304 325 286 295 322 320 350 308 345 161 190 170 202 196 216 183 183 228 232 223 223 233 233 244 260 262 283 308 267 308 318 161 170 181 215 183 211 216 244 205 217 253 220 238 243 268 257 286 259 281 305 317 327 177 198 182 179 194 212 206 204 229 231 230 270 254 237 282 283 267 259 278 287 290 290 293 136 151 159 170 207 166 195 183 210 204 206 238 222 226 225 263 233 240 289 294 299 254 279 161 151 181 173 185 172 221 193 212 202 244 221 226 251 263 283 243 267 276 301 295 154 160 184 189 163 201 198 177 185 191 199 225 230 223 263 273 241 270 259 248 281 258 292 309 280 124 125 134 149 176 151 154 174 170 193 187 205 191 203 222 216 243 266 235 248 250 246 276 263 289 152 135 165 139 158 152 167 179 202 184 226 232 238 237 242 237 267 264 266 250 265 260 250 298 117 122 149 142 138 144 168 185 174 208 201 184 186 215 209 218 249 238 262 256 287 286 264 332 284 102 121 141 132 136 161 173 141 158 159 163 164 188 249 203 203 228 242 245 222 222 
Max memory used: 426mb
Execution time: 4494 seconds
		CPT_App_0	CPT_App_1	CPT_App_2	CPT_App_3	CPT_App_4	CPT_App_5	CPT_App_6	CPT_App_7	CPT_App_8	CPT_App_9	CPT_App_10	CPT_App_11	CPT_App_12	CPT_App_13	CPT_App_14	CPT_App_15	CPT_App_16	CPT_App_17	CPT_App_18	CPT_App_19	
Success   	22.913	24.18	24.301	24.864	25.246	25.488	25.488	25.488	25.387	25.407	25.407	25.327	25.126	24.985	24.925	25.045	24.884	24.603	24.261	24.12
Failure   	77.087	75.82	75.699	75.136	74.754	74.512	74.512	74.512	74.613	74.593	74.593	74.673	74.874	75.015	75.075	74.955	75.116	75.397	75.739	75.88
No Match  	0.22	0.22	0.22	0.22	0.22	0.22	0.22	0.22	0.22	0.22	0.22	0.22	0.22	0.22	0.22	0.22	0.22	0.22	0.22	0.22
Too Small	0.36	0.36	0.36	0.36	0.36	0.36	0.36	0.36	0.36	0.36	0.36	0.36	0.36	0.36	0.36	0.36	0.36	0.36	0.36	0.36
Overall   	22.78	24.04	24.16	24.72	25.1	25.34	25.34	25.34	25.24	25.26	25.26	25.18	24.98	24.84	24.78	24.9	24.74	24.46	24.12	23.98
Size (MB)	1.38	1.38	1.38	1.38	1.38	1.38	1.38	1.38	1.38	1.38	1.38	1.38	1.38	1.38	1.38	1.38	1.38	1.38	1.38	1.38
Train Tim	0.039	0.044	0.039	0.039	0.039	0.043	0.04	0.042	0.043	0.042	0.04	0.039	0.043	0.041	0.041	0.038	0.043	0.043	0.039	0.039
Test Time	10.556	12.542	13.704	14.96	15.034	14.949	15.871	15.955	16.354	16.573	17.266	17.322	17.401	17.77	18.099	18.401	19.449	19.007	19.532	19.242


---NASA07---
Number of sequences : 	5000
Number of distinct items: 	2066
Largest item id: 	2963
Itemsets per sequence: 	34.9728
Distinct item per sequence: 	14.9518
Occurences for each item: 	2.3390361026766007
Size of the dataset in MB: 	20000.699456

Memory history: 262 193 78 27 30 57 23 45 44 59 39 57 41 43 47 75 92 86 77 90 105 85 63 98 98 119 95 117 74 98 81 129 85 91 91 124 137 137 112 103 118 148 150 161 175 171 122 158 175 189 180 185 195 213 169 183 189 186 199 184 217 183 175 171 206 189 197 197 245 189 265 201 218 243 238 197 204 196 207 240 204 272 261 249 240 254 270 259 266 315 277 253 247 272 276 324 276 272 244 309 254 255 257 307 299 262 356 308 347 331 315 306 322 281 350 356 316 313 337 342 351 354 328 353 327 372 348 348 316 362 354 369 379 410 404 413 426 354 368 388 40 60 63 75 45 45 78 64 54 93 89 74 81 68 95 81 115 94 108 80 123 154 86 96 133 107 122 105 147 145 133 124 153 158 139 159 124 162 172 164 161 138 188 165 154 208 163 200 196 187 158 74 61 68 58 62 49 104 56 86 77 94 83 81 116 100 68 73 93 100 86 104 149 142 121 88 92 143 128 157 148 161 128 153 142 161 163 184 142 144 150 190 162 163 206 157 180 166 167 206 217 158 175 174 80 58 68 100 130 92 98 85 113 100 110 91 110 106 130 123 92 132 153 118 117 123 112 126 116 173 139 155 132 178 189 178 141 132 193 184 184 179 178 176 181 65 57 67 85 73 98 121 113 121 106 143 114 122 146 146 174 148 180 190 170 194 185 46 75 80 85 101 102 89 113 106 113 115 140 154 141 167 168 158 158 201 182 189 221 63 95 79 82 106 121 101 104 133 131 148 150 150 174 178 176 173 196 185 178 82 84 100 89 97 120 112 124 110 133 157 154 151 160 184 185 178 177 192 189 77 68 70 63 104 110 104 97 130 137 138 132 139 160 166 162 162 156 162 67 54 93 75 69 77 116 93 131 128 126 125 152 151 154 162 187 164 187 41 61 70 87 96 114 99 112 127 112 141 131 154 174 165 186 61 49 89 64 104 94 115 118 107 121 128 126 161 145 141 158 173 57 59 84 101 101 92 124 129 115 136 124 140 150 155 157 186 185 48 45 57 92 85 106 86 89 110 123 115 116 145 147 159 183 160 43 46 49 92 64 68 101 106 128 114 107 113 142 144 167 151 186 191 31 33 77 65 69 93 84 102 83 109 110 145 151 156 142 166 157 149 44 62 45 59 69 67 82 107 112 122 102 118 123 124 168 160 46 51 55 63 63 76 86 95 119 128 125 126 139 155 144 158 32 54 45 63 61 99 107 81 124 122 143 117 146 135 154 177 178 55 38 38 54 38 59 97 52 53 100 73 71 103 54 108 55 90 94 62 75 113 77 72 115 62 122 99 69 98 69 89 72 80 114 116 132 119 101 91 75 112 85 136 129 125 108 125 90 137 125 130 141 115 101 135 124 108 145 155 111 109 141 105 146 124 177 162 120 151 161 148 154 165 160 150 142 132 113 163 150 167 159 148 138 190 121 174 148 139 164 174 137 165 182 185 190 167 178 173 167 173 182 168 148 165 143 151 241 209 162 189 157 47 60 26 60 44 22 52 42 75 66 51 44 35 61 93 51 88 36 77 43 68 92 81 67 64 84 93 80 68 83 76 88 98 85 100 94 108 58 74 61 103 95 93 105 124 99 97 81 83 115 116 99 120 118 108 128 83 111 76 146 130 139 124 140 89 152 154 94 92 141 129 135 139 94 145 139 160 156 105 133 173 129 169 168 151 152 180 141 162 147 164 152 123 192 182 152 137 127 173 191 176 182 164 137 154 156 143 146 185 131 192 153 196 141 183 184 170 186 146 148 204 198 148 39 41 45 68 80 40 53 49 44 55 62 44 80 76 94 50 62 83 70 71 69 58 96 89 81 68 52 94 98 54 94 91 63 90 70 109 120 113 66 113 97 85 105 79 95 137 90 128 128 147 151 145 109 138 152 190 177 156 189 140 127 165 199 146 183 203 179 225 157 105 77 57 46 104 134 55 93 129 72 118 80 95 141 147 137 171 91 175 146 106 111 166 151 117 181 134 136 176 155 144 188 164 188 172 68 40 98 46 48 68 92 125 115 77 99 124 122 103 172 109 156 128 149 147 138 188 188 123 170 133 190 164 198 205 212 185 164 208 223 108 49 91 58 102 112 105 142 76 95 103 88 151 133 95 129 104 171 177 177 128 124 138 132 207 221 149 202 203 182 199 186 213 191 214 95 114 74 91 130 67 91 98 87 86 130 184 153 97 152 148 165 158 194 154 173 144 181 216 227 151 169 201 206 236 187 256 193 259 175 69 106 113 114 84 78 150 169 165 141 170 119 133 139 142 210 117 183 193 143 213 224 206 157 183 198 225 241 242 224 170 213 216 268 73 75 124 170 174 158 164 124 146 163 153 147 139 134 194 160 201 159 133 136 182 198 153 226 203 251 222 215 169 245 230 250 204 201 101 91 82 125 100 91 173 127 154 143 128 138 189 185 163 154 148 176 203 169 204 230 189 156 231 202 183 269 213 208 227 268 288 207 209 232 139 130 87 161 124 186 110 141 118 160 168 158 148 188 215 150 150 281 189 156 171 207 187 163 216 193 166 174 224 199 172 181 187 239 209 174 195 209 242 182 230 175 187 182 189 239 195 255 252 194 205 206 225 258 198 210 252 221 209 267 197 245 240 233 221 258 270 274 265 238 286 256 99 113 107 92 90 127 93 130 86 134 99 104 94 94 143 137 114 126 96 121 147 102 108 149 157 111 161 129 135 133 172 169 132 171 151 168 140 188 121 180 124 138 140 182 174 184 159 153 155 151 168 135 132 143 179 143 191 194 205 156 203 172 162 144 219 186 166 210 162 163 194 171 197 184 218 209 214 206 180 169 185 180 223 225 226 184 183 202 200 190 185 226 238 244 224 197 260 236 246 223 207 242 192 229 201 275 194 196 203 206 247 244 233 243 250 206 230 93 109 86 86 80 63 93 98 80 75 72 103 99 85 109 95 75 100 113 86 110 103 95 89 88 121 88 105 108 131 129 96 147 109 122 121 103 106 111 105 106 140 111 124 116 145 109 143 130 139 123 127 118 121 155 136 134 177 141 244 138 147 187 135 179 145 163 153 149 138 153 153 148 185 164 165 159 182 189 155 187 173 177 192 198 203 193 207 207 203 212 210 188 169 211 208 177 193 195 204 212 189 198 201 58 42 81 64 64 65 84 109 111 118 133 155 47 62 63 111 106 130 123 151 153 75 100 113 127 126 141 169 190 67 94 108 127 120 140 151 173 178 67 78 94 106 123 163 159 174 186 92 90 110 133 155 169 187 178 59 93 128 126 156 153 187 194 74 108 129 147 151 149 191 219 105 127 145 151 163 155 176 209 96 106 130 139 139 188 179 205 109 128 116 154 171 182 205 191 98 113 158 166 183 198 206 229 124 118 130 175 164 197 212 229 102 129 123 151 178 180 198 216 111 128 123 154 173 195 224 241 134 139 156 154 164 185 201 232 115 149 143 161 185 181 234 223 104 130 158 154 174 218 205 259 145 156 148 188 197 205 249 241 132 164 190 175 203 246 251 238 123 177 185 184 227 226 237 271 146 151 187 184 228 232 258 281 129 152 187 218 218 226 250 276 130 167 193 192 242 246 243 292 149 162 202 210 232 234 262 272 158 171 172 220 213 227 272 275 187 205 227 245 261 265 284 168 199 191 210 223 255 290 289 184 202 227 217 258 253 270 282 172 194 209 248 268 275 277 303 175 203 214 239 240 265 320 295 196 206 232 227 266 272 279 307 178 224 205 251 265 298 303 293 202 207 211 253 265 292 306 320 174 209 203 227 269 286 301 301 200 207 255 219 219 216 238 227 226 251 260 258 275 252 256 288 302 288 308 323 326 324 336 308 314 353 224 180 180 217 212 228 235 224 243 237 268 263 300 289 283 304 325 286 295 322 320 350 308 345 161 190 170 202 196 216 183 183 228 232 223 223 233 233 244 260 262 283 308 267 308 318 161 170 181 215 183 211 216 244 205 217 253 220 238 243 268 257 286 259 281 305 317 327 177 198 182 179 194 212 206 204 229 231 230 270 254 237 282 283 267 259 278 287 290 290 293 136 151 159 170 207 166 195 183 210 204 206 238 222 226 225 263 233 240 289 294 299 254 279 161 151 181 173 185 172 221 193 212 202 244 221 226 251 263 283 243 267 276 301 295 154 160 184 189 163 201 198 177 185 191 199 225 230 223 263 273 241 270 259 248 281 258 292 309 280 124 125 134 149 176 151 154 174 170 193 187 205 191 203 222 216 243 266 235 248 250 246 276 263 289 152 135 165 139 158 152 167 179 202 184 226 232 238 237 242 237 267 264 266 250 265 260 250 298 117 122 149 142 138 144 168 185 174 208 201 184 186 215 209 218 249 238 262 256 287 286 264 332 284 102 121 141 132 136 161 173 141 158 159 163 164 188 249 203 203 228 242 245 222 222 143 138 140 195 196 216 239 269 139 129 152 193 197 243 230 116 135 167 156 178 229 214 269 131 150 155 176 212 233 268 105 128 135 189 173 209 253 132 144 173 170 177 230 252 103 138 154 163 187 237 236 111 122 158 177 216 216 238 128 117 157 192 178 235 109 133 162 189 197 205 117 138 159 182 218 221 88 120 164 185 182 229 246 137 137 143 187 191 110 143 163 203 222 254 141 132 159 185 204 104 122 173 199 183 229 110 129 179 179 212 237 109 133 155 188 226 116 147 157 190 220 113 160 184 208 205 102 142 154 173 189 111 144 164 182 234 130 141 167 176 223 142 153 160 186 211 114 150 181 189 214 144 140 183 215 212 121 145 175 181 224 103 132 149 194 213 115 139 136 184 191 107 147 144 196 192 131 135 170 180 228 119 135 186 190 217 108 160 158 187 214 122 158 161 189 235 141 135 191 195 137 141 167 211 219 134 150 170 220 142 138 189 191 102 149 172 173 126 159 188 216 129 163 187 186 106 156 171 183 146 170 198 223 141 167 174 210 115 169 171 209 134 148 180 145 166 187 214 139 183 206 135 176 209 113 134 164 171 132 165 187 122 164 173 116 154 92 127 165 115 153 202 127 168 202 129 162 124 145 193 193 
Max memory used: 426mb
Execution time: 49721 seconds
		CPT_App_0	CPT_App_1	CPT_App_2	CPT_App_3	CPT_App_4	CPT_App_5	CPT_App_6	CPT_App_7	CPT_App_8	CPT_App_9	CPT_App_10	CPT_App_11	CPT_App_12	CPT_App_13	CPT_App_14	CPT_App_15	CPT_App_16	CPT_App_17	CPT_App_18	CPT_App_19	
Success   	99.64	99.94	100	100	100	100	100	100	100	100	100	100	100	100	100	100	100	100	100	100
Failure   	0.36	0.06	00.000	00.000	00.000	00.000	00.000	00.000	00.000	00.000	00.000	00.000	00.000	00.000	00.000	00.000	00.000	00.000	00.000	00.000
No Match  	00.000	00.000	00.000	00.000	00.000	00.000	00.000	00.000	00.000	00.000	00.000	00.000	00.000	00.000	00.000	00.000	00.000	00.000	00.000	00.000
Too Small	00.000	00.000	00.000	00.000	00.000	00.000	00.000	00.000	00.000	00.000	00.000	00.000	00.000	00.000	00.000	00.000	00.000	00.000	00.000	00.000
Overall   	99.64	99.94	100	100	100	100	100	100	100	100	100	100	100	100	100	100	100	100	100	100
Size (MB)	1.309	1.309	1.309	1.309	1.309	1.309	1.309	1.309	1.309	1.309	1.309	1.309	1.309	1.309	1.309	1.309	1.309	1.309	1.309	1.309
Train Tim	2.012	2.01	2.037	1.994	2.029	2.046	2.011	2.088	2.006	2.018	2.006	2.001	2.106	2.026	2.115	2.013	2.058	2.062	2.022	2.019
Test Time	132.377	146.35	152.953	158.583	161.719	165.48	171.547	175.337	175.432	178.167	180.408	184.136	188.007	193.584	191.932	191.944	195.196	197.895	197.941	200.599


---NASA08---
Number of sequences : 	2501
Number of distinct items: 	1898
Largest item id: 	4009
Itemsets per sequence: 	44.65173930427829
Distinct item per sequence: 	19.114354258296682
Occurences for each item: 	2.3360317958372554
Size of the dataset in MB: 	10004.446696

^Cmake: *** [run] Error 130
