98 117 
366 2041 
28 28 
59 59 
5 5 
31 27 
161 650 
116 165 
80 80 
63 1775 
47 47 
13 8 
1024 249 
185 185 
148 148 
32 32 
313 86 
47 155 
182 325 
148 811 
376 376 
192 253 
131 131 
98 24 
499 387 
118 118 
26 96 
1 67 
13 67 
254 254 
32 32 
746 721 
82 67 
70 117 
94 94 
37 147 
425 638 
82 26 
166 121 
36 21 
148 360 
95 56 
248 298 
95 95 
420 80 
118 24 
383 341 
109 869 
30 57 
136 376 
14 55 
533 499 
24 48 
67 70 
24 37 
17 17 
2 31 
133 2503 
31 67 
3 461 
90 90 
14 303 
26 96 
80 80 
429 226 
448 448 
507 5 
322 322 
47 47 
381 381 
204 81 
147 147 
57 31 
28 112 
225 192 
684 466 
33 45 
96 30 
100 100 
28 554 
185 185 
28 182 
118 70 
24 57 
24 36 
103 754 
33 135 
145 145 
701 73 
133 133 
28 958 
618 618 
192 192 
958 737 
54 281 
118 68 
266 512 
97 82 
117 131 
133 161 
443 487 
15 15 
118 118 
32 32 
1026 1039 
131 59 
45 33 
662 662 
103 427 
420 420 
117 117 
98 118 
154 313 
103 675 
118 124 
30 8 
664 1317 
32 2 
8 8 
715 721 
97 24 