9 28 8 16 6  
9 16 28 29 24  
8 15 16 1 6  
8 15 22 28 25  
18 29 9 27 2  
25 1 22 6 28  
8 15 16 1 6  
25 1 14 9 2  
1 16 15 14 8  
1 4 17 15 8  
1 23 8 3 30  
16 9 11 25 17  
1 9 15 4 25  
16 25 9 15 22  
15 1 17 0 9  
9 28 16 6 29  
8 25 15 19 23  
18 29 9 27 2  
29 16 5 15 8  
 
29 25 9 22 6  
28 17 16 6 4  
1 25 8 9 27  
15 16 0 17 11  
8 25 4 23 9  
9 4 24 16 29  
1 9 15 4 25  
27 2 21 29 14  
23 25 8 6 4  
29 16 5 9 15  
1 15 4 9 6  
9 4 24 16 29  
9 29 16 19 24  
9 4 24 16 29  
27 22 25 9 15  
1 25 14 9 28  
1 25 14 9 2  
9 4 24 29 16  
18 29 9 28 27  
8 23 25 4 9  
1 23 3 8 30  
16 11 0 17 15  
16 17 0 25 11  
9 16 29 24 28  
1 15 25 9 4  
18 9 27 29 2  
16 19 8 9 18  
8 15 1 3 23  
29 15 25 8 16  
 
29 25 9 22 6  
9 4 24 16 28  
16 15 29 8 5  
16 0 17 11 15  
28 17 4 6 5  
17 20 6 4 22  
27 28 2 21 29  
29 8 18 16 15  
15 16 0 17 11  
28 16 8 7 22  
29 25 9 22 6  
9 28 8 16 6  
18 29 9 27 2  
 
15 16 0 17 11  
9 4 16 29 24  
28 17 5 6 16  
9 6 21 29 1  
1 9 15 4 25  
16 15 29 8 1  
8 16 15 6 1  
29 16 5 15 8  
8 15 16 1 6  
9 4 24 16 29  
15 8 22 28 25  
17 5 28 6 4  
8 25 4 9 22  
16 19 8 15 18  
29 25 9 22 27  
12 13 16 19 18  
1 17 0 28 2  
18 29 9 27 2  
 
8 9 28 25 4  
 
1 15 4 9 0  
8 1 15 16 14  
18 29 9 27 2  
16 28 8 23 4  
25 1 14 9 2  
16 23 8 4 15  
21 2 27 23 29  
18 29 9 27 2  
1 16 14 8 15  
8 25 4 22 28  
29 8 18 16 15  
16 11 25 6 14  
22 16 9 17 2  
25 9 22 6 27  
9 29 16 19 24  
8 25 4 23 9  
18 29 9 27 2  
9 16 29 24 28  
29 16 5 15 8  
27 2 21 29 14  
 
29 16 5 9 15  
8 4 9 25 28  
22 16 17 11 0  
16 23 8 4 15  
1 25 14 9 2  
29 16 9 5 15  
29 18 2 19 16  
29 16 5 15 8  
18 29 9 27 2  
16 23 8 4 6  
18 29 9 27 2  
16 0 17 11 15  
17 1 0 22 9  
8 15 16 6 1  
18 29 2 22 23  
18 27 23 29 9  
18 29 9 27 2  
29 8 25 9 22  
22 9 2 28 11  
16 19 9 15 8  
28 17 4 6 15  
9 2 27 29 21  
17 1 0 9 2  
9 29 16 24 28  
18 9 14 23 28  
16 15 9 25 1  
8 25 4 15 23  
9 4 24 16 29  
0 16 15 22 1  
12 13 16 19 18  
8 25 23 4 15  
1 25 14 9 2  
17 4 6 28 16  
29 16 5 15 8  
18 9 23 14 25  
16 0 17 11 25  
8 1 16 4 28  
29 18 2 22 23  
9 4 28 24 27  
18 29 9 27 2  
18 29 9 27 2  
29 25 6 23 28  
8 9 6 28 22  
16 15 29 1 11  
16 11 17 0 6  
16 15 29 8 3  
16 4 18 21 8  
1 25 14 9 2  
1 25 9 22 8  
27 28 2 21 29  
29 16 5 15 8  
15 1 0 17 9  
25 1 14 9 2  
29 25 16 9 4  
9 4 24 16 29  
1 25 9 22 8  
16 0 17 11 25  
8 23 4 25 15  
16 0 15 17 11  
2 25 1 14 9  
15 28 1 3 9  
17 1 0 2 28  
1 15 23 8 28  
29 16 5 9 15  
16 19 4 8 6  
18 29 9 27 2  
29 18 2 14 22  
8 25 6 23 4  
29 16 5 15 8  
29 16 5 9 15  
27 28 18 2 15  
15 16 0 17 11  
18 29 9 27 2  
28 9 8 16 6  
8 15 22 28 9  
12 13 16 19 18  
16 1 23 8 3  
15 16 0 17 11  
25 4 15 8 6  
27 28 2 21 29  
8 25 4 23 28  
16 29 9 15 25  
1 9 15 4 25  
2 19 28 27 8  
1 17 0 8 4  
17 20 6 4 22  
4 29 9 24 16  
29 19 16 9 8  
18 29 9 27 2  
28 17 16 6 5  
27 25 22 9 15  
25 9 22 23 1  
4 29 9 24 16  
9 16 29 24 19  
 
28 16 5 15 30  
8 22 17 28 4  
27 2 21 14 29  
23 25 8 6 4  
28 17 5 16 6  
29 16 5 8 15  
29 6 25 22 1  
25 9 22 27 24  
15 16 0 17 11  
1 9 15 4 25  
18 9 14 23 28  
14 1 15 11 29  
15 14 16 29 9  
1 17 0 4 16  
28 5 4 16 6  
1 25 14 9 22  
16 15 29 9 1  
1 9 15 4 25  
9 4 24 16 29  
4 15 8 25 28  
16 11 17 0 6  
8 25 22 9 28  
17 5 6 15 4  
15 0 1 25 4  
4 29 9 24 16  
1 17 0 28 4  
 
15 1 8 7 9  
17 20 6 4 22  
15 0 25 16 7  
17 1 0 22 9  
9 16 29 4 5  
18 29 9 27 2  
1 25 6 14 9  
18 9 23 25 14  
18 29 9 27 2  
27 28 2 21 29  
1 23 3 8 30  
27 2 21 29 14  
18 29 9 27 14  
12 13 16 19 18  
25 29 28 6 22  
8 23 9 22 15  
9 16 29 19 24  
15 0 25 4 7  
9 4 29 24 15  
23 8 9 7 6  
25 14 9 22 27  
12 13 16 19 18  
16 15 29 9 11  
29 16 5 9 15  
16 11 17 0 6  
1 17 0 28 4  
1 17 0 8 16  
22 9 16 17 2  
16 19 4 9 8  
16 0 17 11 28  
1 17 8 0 4  
27 2 29 21 14  
1 9 15 4 25  
28 16 8 17 4  
25 1 22 6 28  
8 25 23 6 15  
16 11 17 0 6  
16 15 29 17 22  
22 8 16 1 15  
18 29 9 27 2  
17 20 6 4 22  
15 16 0 17 11  
18 29 9 27 2  
9 16 24 28 4  
9 28 8 16 6  
29 18 2 19 16  
27 28 2 21 29  
16 23 4 18 1  
15 28 17 16 4  
27 28 2 16 21  
15 17 0 16 11  
29 19 16 9 8  
27 28 2 21 29  
29 9 2 22 23  
16 0 17 11 15  
1 17 0 4 28  
1 25 14 9 2  
8 15 16 1 6  
25 22 1 29 14  
28 16 6 4 15  
28 17 6 4 5  
1 9 15 4 0  
9 4 24 16 29  
29 16 5 8 18  
25 1 14 9 2  
25 4 8 23 15  
4 29 9 24 16  
15 16 0 17 11  
22 17 1 16 0  
25 1 9 14 22  
28 17 16 6 4  
9 4 24 16 29  
29 16 5 9 15  
9 4 24 16 29  
27 28 18 29 14  
15 0 17 28 22  
15 16 0 17 11  
1 9 15 4 25  
 
1 9 15 4 0  
16 2 28 11 8  
29 16 5 15 8  
9 22 28 1 29  
25 1 14 9 2  
29 25 9 22 27  
23 15 8 9 6  
1 9 15 4 25  
18 9 23 25 14  
28 9 16 19 6  
17 1 0 22 2  
18 9 29 14 23  
22 27 25 9 16  
9 28 8 16 6  
16 11 17 25 6  
16 29 9 25 4  
28 17 16 6 4  
16 2 28 11 8  
18 23 14 28 9  
1 23 8 3 30  
1 25 2 9 22  
17 1 0 9 28  
29 16 9 25 15  
1 9 2 25 22  
9 6 21 29 1  
15 8 22 7 28  
1 17 8 0 16  
15 8 22 7 28  
 
18 29 9 27 2  
1 25 14 9 2  
27 28 2 21 29  
9 24 16 27 21  
25 9 22 23 1  
16 11 17 0 6  
9 16 29 27 14  
9 28 16 25 24  
18 29 9 27 22  
8 23 25 6 4  
9 4 24 16 29  
8 15 16 6 14  
1 23 8 3 30  
29 19 16 9 8  
9 4 24 16 29  
15 1 17 9 28  
27 2 21 29 14  
1 17 0 4 28  
25 1 22 28 6  
18 29 9 27 2  
1 25 8 28 9  
25 1 2 22 9  
9 22 28 27 29  
1 17 16 28 14  
16 29 15 8 9  
16 23 4 6 18  
9 16 24 28 21  
8 9 28 16 25  
4 29 9 24 16  
16 6 15 14 17  
25 9 22 14 16  
9 16 2 1 28  
16 15 8 1 6  
16 15 29 25 8  
27 28 2 16 21  
1 25 14 9 22  
1 16 4 8 6  
28 16 5 17 30  
8 22 15 28 25  
16 18 27 6 23  
4 29 9 24 16  
9 29 16 24 2  
9 28 8 16 24  
1 17 0 4 16  
28 23 9 4 25  
25 9 22 27 4  
15 28 4 8 11  
22 17 1 28 16  
8 1 17 22 4  
16 4 19 18 9  
29 16 5 15 8  
28 9 16 8 4  
1 9 15 4 6  
1 15 4 9 6  
16 29 1 11 17  
28 17 15 5 8  
29 16 5 15 8  
0 17 11 15 28  
18 9 2 29 22  
29 16 9 15 1  
9 29 16 28 8  
1 17 8 0 4  
4 25 8 15 23  
8 15 22 28 25  
17 11 25 7 15  
18 29 9 27 2  
16 17 11 0 6  
 
9 4 24 16 29  
1 17 8 0 4  
9 28 16 25 24  
27 28 2 21 29  
28 17 16 6 4  
18 29 9 27 2  
23 25 8 6 4  
8 25 23 9 15  
9 27 23 24 25  
9 28 8 16 6  
16 11 17 0 6  
8 25 23 4 15  
16 29 9 4 15  
27 23 29 14 2  
16 19 8 15 4  
9 25 8 22 28  
9 28 8 16 6  
9 16 29 27 14  
28 17 15 1 4  
15 28 29 9 17  
17 1 0 15 9  
16 11 17 0 6  
29 16 5 15 8  
2 21 29 27 18  
9 4 24 20 16  
27 23 2 21 29  
25 1 14 9 2  
9 29 16 24 28  
1 4 8 17 0  
15 8 22 7 23  
9 4 24 16 29  
27 28 2 21 29  
1 9 15 4 25  
27 2 28 21 29  
28 17 16 6 4  
25 9 22 23 1  
9 16 29 3 8  
18 29 9 27 2  
18 29 27 2 9  
1 25 9 8 27  
1 15 4 9 6  
1 9 15 4 25  
8 16 6 14 17  
29 25 9 22 6  
18 29 9 27 2  
27 28 2 21 29  
16 19 8 15 9  
8 23 25 4 15  
28 9 6 8 16  
12 13 16 19 18  
15 16 0 17 11  
4 25 8 7 23  
9 16 29 4 28  
9 29 16 24 28  
16 0 11 25 15  
18 9 14 23 28  
25 1 6 2 22  
1 28 25 23 6  
9 16 29 27 14  
25 22 27 14 9  
8 1 16 14 3  
9 16 17 28 4  
1 9 15 4 25  
17 14 20 9 25  
18 2 21 27 29  
18 29 9 2 27  
9 4 16 29 24  
28 16 4 9 8  
15 29 9 1 17  
27 28 2 21 19  
9 28 8 16 6  
16 9 11 17 23  
0 25 15 4 16  
18 29 9 14 23  
16 0 17 11 25  
1 9 15 4 25  
8 16 15 1 6  
25 1 14 9 2  
1 9 2 22 8  
28 17 5 15 8  
29 16 9 25 18  
29 8 2 19 16  
1 9 15 4 25  
23 27 25 9 14  
22 3 1 17 2  
27 28 16 21 18  
18 2 21 27 29  
9 4 24 16 29  
16 11 17 0 6  
9 2 24 29 16  
18 29 2 9 27  
27 2 21 29 18  
1 25 14 9 2  
8 15 16 1 6  
28 17 16 4 6  
1 16 17 8 0  
9 4 24 20 27  
18 29 9 27 2  
27 28 2 21 29  
28 17 15 5 6  
9 24 4 28 16  
1 8 17 0 4  
27 25 22 9 15  
27 2 21 29 18  
22 2 3 4 14  
16 0 17 11 25  
9 8 16 6 25  
18 27 28 29 9  
25 4 23 8 6  
1 23 3 8 30  
28 9 23 4 25  
25 1 14 9 2  
16 17 11 0 25  
27 28 18 2 15  
28 16 9 26 29  
8 15 16 1 6  
29 16 5 9 15  
8 23 25 6 4  
27 23 9 25 14  
9 16 29 24 19  
25 14 9 22 27  
18 29 9 27 14  
19 8 15 16 6  
28 17 16 4 5  
29 16 5 15 8  
9 4 24 16 29  
29 9 5 4 16  
27 23 21 16 2  
18 29 9 27 2  
12 13 16 19 18  
1 15 4 9 25  
27 28 2 21 29  
16 6 28 8 17  
28 16 4 5 15  
19 8 15 16 2  
27 2 21 29 14  
1 15 3 23 28  
25 1 2 22 6  
8 25 9 28 29  
9 4 24 16 29  
27 28 2 21 19  
9 29 4 25 22  
1 9 15 0 4  
9 24 4 29 28  
29 16 5 15 8  
16 15 29 9 1  
4 29 9 24 16  
4 29 9 24 16  
8 16 15 1 6  
29 16 9 8 19  
9 4 24 16 29  
9 8 16 29 28  
15 11 25 28 6  
1 8 16 23 3  
29 16 5 15 8  
1 8 19 2 28  
15 16 0 17 11  
15 16 0 17 11  
28 17 16 5 6  
27 28 2 21 29  
25 1 14 9 2  
25 9 22 23 1  
15 22 7 28 23  
1 17 8 0 16  
28 17 4 16 6  
27 28 2 21 29  
16 11 17 0 28  
9 4 24 28 20  
28 16 9 26 29  
29 9 25 22 8  
8 25 28 29 4  
9 28 8 16 6  
18 29 9 2 22  
29 16 5 15 8  
27 2 21 29 14  
18 9 23 25 14  
 
15 22 7 28 23  
4 29 9 24 16  
8 23 25 6 4  
29 16 5 9 15  
16 0 17 11 25  
18 2 21 29 9  
9 4 25 16 24  
18 29 9 27 2  
15 16 9 14 22  
16 19 8 15 4  
15 17 1 16 3  
18 29 27 9 2  
18 29 9 27 2  
25 1 14 9 2  
1 2 25 9 6  
1 9 2 29 25  
25 1 2 14 9  
22 9 17 16 28  
7 22 29 6 8  
29 19 16 9 8  
16 15 29 9 1  
15 28 4 8 11  
12 13 16 19 18  
27 28 18 2 15  
27 28 2 21 29  
 
27 2 21 29 28  
25 9 22 27 14  
 
27 28 2 21 29  
9 16 29 24 28  
1 8 16 23 3  
29 25 6 22 23  
18 9 23 14 25  
 
29 16 25 9 8  
9 4 24 16 28  
27 2 21 29 18  
16 8 4 23 6  
27 28 18 2 15  
18 29 9 27 14  
15 0 16 17 11  
9 29 24 28 21  
18 2 21 9 27  
27 28 2 21 29  
16 0 17 11 25  
 
16 11 9 17 25  
1 8 17 4 25  
22 16 1 4 23  
29 16 5 15 8  
28 16 15 1 6  
15 16 29 9 1  
28 17 5 16 6  
18 9 29 27 2  
25 1 14 9 2  
25 1 22 14 28  
9 16 29 24 19  
23 25 8 6 4  
16 11 9 17 25  
16 8 15 29 9  
8 25 23 4 15  
1 30 23 3 8  
4 8 25 15 23  
29 25 6 9 22  
18 29 27 9 2  
25 9 22 1 27  
1 9 4 6 15  
27 2 21 29 18  
18 29 9 27 2  
27 28 2 19 21  
9 29 16 24 28  
9 29 2 21 24  
17 1 0 28 2  
8 16 4 28 1  
9 4 24 16 29  
9 28 8 16 6  
29 16 5 15 8  
27 28 18 25 2  
9 27 18 28 25  
16 15 9 1 11  
16 23 15 8 6  
12 13 16 19 18  
9 4 24 16 29  
9 29 16 24 2  
23 9 8 22 28  
29 19 16 9 8  
8 25 4 9 28  
18 29 9 27 2  
13 12 16 19 18  
27 28 2 18 29  
28 17 16 6 4  
18 29 9 27 2  
16 4 18 19 6  
25 1 14 9 2  
9 28 8 16 6  
9 25 27 29 23  
28 8 16 5 4  
18 29 9 27 2  
25 1 14 8 9  
18 9 27 22 25  
15 16 0 17 11  
27 2 21 28 29  
28 17 4 16 6  
16 29 5 15 8  
16 6 15 14 17  
28 16 6 5 4  
16 15 29 1 11  
29 8 16 9 28  
27 28 2 21 19  
16 4 23 11 6  
15 8 25 29 19  
9 0 6 16 17  
28 17 6 5 4  
15 1 17 9 28  
16 15 6 4 18  
27 2 21 29 14  
9 19 16 2 28  
 
9 28 8 16 6  
15 16 17 0 28  
15 1 17 9 28  
1 9 15 4 25  
1 4 17 0 28  
 
18 14 23 28 9  
27 28 2 21 29  
16 15 9 11 25  
29 9 18 2 22  
9 4 24 29 28  
18 29 9 27 2  
29 9 2 22 18  
8 25 9 6 15  
16 22 6 17 9  
1 25 14 9 2  
22 17 9 1 0  
12 13 16 19 18  
1 8 22 2 25  
1 9 15 4 25  
18 27 9 29 23  
9 4 29 24 15  
11 15 25 28 7  
16 15 29 9 1  
28 17 6 5 4  
27 28 2 21 29  
1 17 22 9 16  
28 17 16 5 6  
9 4 24 16 29  
9 4 24 16 29  
16 0 17 11 25  
25 1 22 28 6  
18 29 9 27 2  
18 9 2 29 22  
4 29 9 24 16  
15 16 0 17 11  
25 1 22 28 6  
 
25 16 4 15 12  
1 25 9 4 6  
18 29 9 27 2  
28 17 4 15 6  
29 16 5 9 15  
9 16 27 29 24  
12 13 16 19 18  
29 16 5 15 8  
9 29 24 28 27  
29 2 21 27 16  
29 8 22 25 9  
8 16 6 14 17  
16 19 8 15 18  
12 13 16 19 18  
29 16 5 4 9  
28 9 16 8 4  
1 15 4 25 9  
28 18 27 9 29  
18 29 9 27 2  
9 4 24 16 29  
15 14 16 29 9  
1 3 30 23 8  
9 25 8 22 29  
29 16 5 15 8  
18 29 9 27 2  
9 29 16 2 21  
27 23 25 9 22  
27 28 2 21 29  
15 1 11 25 17  
23 28 9 4 16  
15 16 0 17 11  
16 11 9 17 25  
18 29 14 23 24  
18 29 9 14 23  
18 9 27 14 29  
9 4 24 16 29  
16 15 29 9 1  
25 2 22 8 27  
9 16 28 4 23  
16 4 15 9 5  
27 28 2 15 18  
1 9 4 15 25  
16 15 6 30 28  
15 0 25 1 16  
25 16 15 8 4  
27 28 2 21 29  
16 4 18 21 8  
 
15 1 28 9 11  
9 24 16 29 19  
29 19 16 9 8  
27 2 21 29 14  
8 15 1 16 6  
9 16 24 28 29  
9 4 24 16 29  
12 13 16 19 18  
27 23 14 9 25  
18 9 29 27 14  
15 9 17 0 1  
9 28 16 6 29  
27 23 21 14 29  
8 15 16 1 6  
2 25 1 22 14  
16 17 11 15 0  
15 16 29 9 1  
15 1 0 17 9  
22 17 1 16 0  
9 28 8 6 25  
9 22 28 27 29  
29 19 16 9 8  
17 1 15 9 2  
16 19 8 9 15  
8 1 15 16 6  
1 17 0 8 4  
8 4 25 23 15  
29 9 25 22 6  
28 18 27 9 29  
18 29 9 27 2  
8 15 16 6 14  
16 11 17 0 1  
27 23 2 29 21  
25 1 14 9 28  
29 16 5 15 8  
4 29 9 24 16  
29 9 27 2 22  
27 28 2 21 29  
15 0 25 28 16  
1 25 14 9 22  
1 9 15 4 25  
8 25 23 4 15  
16 15 29 1 11  
29 9 1 25 23  
16 4 6 23 8  
16 15 29 8 3  
16 15 4 29 22  
15 8 28 22 7  
27 28 2 21 29  
25 1 14 9 2  
18 29 9 27 2  
1 15 0 25 16  
9 28 8 16 6  
1 17 9 0 15  
25 23 4 6 15  
9 28 16 29 24  
16 0 17 11 25  
22 28 7 9 17  
29 16 5 15 8  
27 28 18 2 15  
16 6 14 11 17  
16 11 9 17 25  
1 25 14 9 22  
18 29 9 27 2  
18 29 9 27 14  
29 8 22 25 9  
8 15 16 1 6  
22 2 3 4 14  
 
4 29 9 24 16  
27 28 18 2 15  
9 16 1 29 28  
16 23 8 28 4  
16 15 29 9 1  
16 0 17 11 25  
15 11 4 7 25  
17 20 6 4 22  
29 16 5 9 15  
16 17 11 0 28  
16 1 23 8 3  
25 9 22 27 4  
15 1 0 9 28  
9 4 24 16 29  
17 20 6 4 22  
22 9 16 17 2  
9 22 28 1 29  
28 17 4 6 16  
1 17 8 0 4  
23 9 28 4 16  
15 16 0 17 11  
16 23 8 15 6  
22 16 17 2 28  
9 29 24 19 28  
18 29 27 9 14  
1 14 8 15 16  
29 2 21 27 16  
28 17 5 4 6  
28 17 5 6 16  
22 9 2 1 28  
9 4 24 16 29  
16 4 18 6 15  
1 9 15 4 25  
22 19 2 11 23  
9 8 28 6 25  
1 9 15 4 25  
15 1 4 9 6  
9 29 16 24 28  
1 25 14 9 22  
23 25 8 6 4  
9 28 8 16 29  
9 16 24 28 29  
1 17 0 2 4  
29 16 9 8 15  
1 25 2 29 9  
27 29 9 14 18  
17 20 14 6 4  
22 9 16 0 1  
4 29 9 24 16  
22 9 16 17 8  
9 28 8 16 6  
15 1 9 0 17  
29 16 5 15 8  
29 22 9 25 8  
9 28 16 29 24  
1 8 2 28 17  
22 2 1 28 3  
9 8 28 16 6  
29 16 5 15 8  
29 9 2 22 18  
1 17 0 28 15  
29 25 6 22 23  
25 9 8 22 14  
28 17 6 4 16  
1 9 15 4 25  
19 17 15 8 14  
9 4 16 25 1  
12 13 16 19 18  
8 25 23 4 15  
16 19 8 15 4  
1 17 8 0 4  
28 17 16 5 6  
15 1 28 9 11  
29 16 9 15 25  
9 28 8 16 6  
22 9 16 17 2  
9 4 24 28 16  
18 29 9 27 2  
15 1 0 17 9  
25 9 22 23 1  
22 2 19 11 16  
18 29 9 27 14  
18 29 9 27 2  
29 2 21 27 16  
28 17 16 6 4  
16 11 17 0 25  
29 25 6 22 23  
9 28 8 16 29  
18 29 9 27 2  
25 1 14 9 2  
27 9 14 23 29  
15 1 0 9 17  
15 8 22 28 25  
29 16 5 9 8  
27 2 21 29 14  
8 22 25 23 9  
9 28 8 16 6  
18 29 9 27 2  
1 25 2 9 22  
23 4 15 6 9  
9 4 24 16 29  
18 29 9 27 2  
9 1 4 25 15  
8 25 4 23 6  
23 8 9 7 6  
29 16 15 5 18  
18 29 9 27 2  
8 25 23 4 15  
8 23 25 6 4  
14 1 25 9 22  
1 9 15 4 25  
9 4 24 16 29  
1 25 2 22 6  
16 15 0 17 11  
16 4 29 28 9  
9 28 8 16 6  
25 4 23 8 6  
 
15 0 1 16 22  
9 4 24 16 29  
29 16 9 15 8  
11 25 28 7 4  
1 25 14 9 22  
28 17 6 4 5  
16 19 15 8 6  
17 6 4 5 15  
16 23 8 4 15  
8 25 4 6 9  
23 4 15 6 9  
16 0 11 17 25  
29 16 5 15 8  
29 16 5 9 15  
8 25 4 23 15  
1 16 14 8 15  
25 14 9 2 1  
9 16 23 29 4  
1 9 15 4 25  
18 29 9 27 2  
25 1 14 9 2  
28 17 16 6 4  
15 8 22 7 28  
28 17 4 16 6  
15 0 25 1 4  
9 4 25 15 16  
15 8 22 7 28  
1 9 15 4 25  
21 2 18 27 29  
8 22 28 25 15  
28 16 4 23 15  
29 16 5 15 8  
29 16 5 15 8  
18 29 14 9 27  
28 15 8 1 30  
9 28 8 16 6  
18 29 9 2 27  
16 15 25 8 18  
25 1 14 9 2  
16 4 6 28 23  
4 29 9 24 16  
28 17 16 15 5  
9 28 8 16 6  
29 19 16 9 8  
29 16 5 15 8  
1 4 3 23 17  
15 0 17 11 28  
22 9 17 2 1  
18 27 14 29 23  
16 23 8 3 1  
29 16 5 15 8  
1 23 8 3 30  
18 29 9 27 2  
16 28 3 2 17  
 
29 16 5 15 8  
1 17 0 4 16  
1 23 8 3 30  
1 9 15 4 25  
27 2 21 29 14  
29 25 9 22 6  
27 19 2 28 21  
27 28 2 21 29  
28 17 6 4 16  
9 2 25 15 29  
9 4 24 16 29  
9 22 23 27 28  
8 16 9 29 28  
28 8 16 29 25  
27 28 2 21 29  
15 8 7 28 23  
25 1 14 9 2  
19 17 15 8 16  
22 9 16 17 2  
9 4 24 16 29  
9 8 6 28 25  
18 2 21 27 9  
17 1 0 22 9  
25 1 14 2 22  
 
29 16 9 25 4  
27 2 21 23 29  
27 2 21 29 14  
27 28 2 21 29  
9 16 17 1 29  
28 17 6 7 15  
22 16 9 17 2  
18 9 14 29 23  
9 4 1 15 0  
16 0 17 11 25  
6 8 15 16 17  
15 8 22 28 25  
 
8 4 15 25 22  
16 11 0 17 25  
18 29 9 27 2  
1 14 25 9 22  
8 25 23 4 15  
1 25 14 9 2  
 
18 29 9 27 2  
15 16 0 17 11  
25 9 22 23 1  
18 29 9 27 2  
16 15 14 0 11  
16 0 17 11 15  
1 23 8 3 30  
18 29 9 27 2  
29 16 5 9 15  
9 4 24 16 29  
18 9 23 14 25  
18 29 9 27 2  
8 15 16 1 6  
9 4 24 16 29  
1 15 9 4 25  
8 15 22 28 25  
8 15 16 1 6  
18 29 9 27 2  
18 29 9 27 2  
8 25 4 9 28  
1 15 4 9 6  
18 29 9 2 22  
9 24 29 16 28  
22 2 1 11 3  
1 15 17 0 9  
28 17 6 4 5  
27 28 2 21 29  
19 8 15 16 6  
15 8 22 7 28  
18 9 29 14 23  
18 29 9 27 2  
9 28 29 24 2  
18 9 23 2 14  
27 28 2 21 29  
1 25 14 9 2  
8 1 16 15 14  
1 23 27 25 28  
18 29 9 27 2  
1 9 15 4 0  
16 23 8 4 6  
4 15 16 6 9  
0 16 11 22 4  
29 9 27 2 22  
15 25 16 4 28  
27 23 14 2 29  
9 4 24 16 29  
18 27 9 23 14  
16 19 8 15 18  
15 1 17 0 28  
27 28 2 21 29  
15 8 7 28 25  
1 17 0 28 2  
16 18 29 2 23  
1 9 15 4 25  
9 4 24 16 29  
9 4 24 16 20  
27 28 2 21 29  
9 29 2 27 21  
1 16 23 8 3  
15 16 0 17 11  
1 17 0 8 16  
16 15 11 0 17  
9 28 8 16 6  
1 14 25 22 9  
17 1 0 22 15  
29 16 5 15 8  
15 16 29 9 1  
16 11 14 29 1  
8 25 22 28 18  
29 16 5 9 15  
9 4 24 16 28  
15 16 0 17 11  
27 28 2 21 29  
16 29 9 24 5  
1 15 16 9 4  
8 16 29 28 6  
9 29 24 28 27  
16 11 17 0 6  
9 28 8 16 29  
29 16 5 15 8  
17 1 0 22 9  
8 1 28 22 25  
28 16 15 1 6  
9 4 24 16 29  
15 8 7 28 23  
22 9 16 17 19  
29 2 22 23 9  
27 28 2 21 29  
16 15 29 9 1  
18 29 2 27 21  
15 16 29 9 1  
8 25 4 23 28  
27 28 2 21 29  
18 2 21 27 29  
27 2 21 29 14  
16 15 0 17 11  
25 1 9 2 22  
8 4 9 25 23  
17 1 0 2 22  
16 0 17 11 6  
1 23 8 3 30  
12 13 16 19 18  
 
18 9 23 25 14  
15 16 0 17 11  
4 15 17 16 5  
16 23 8 4 15  
1 14 9 25 22  
29 16 9 25 24  
18 29 27 9 2  
29 19 16 9 8  
18 29 9 27 14  
1 15 23 8 28  
9 23 22 25 4  
29 16 5 9 15  
27 2 21 29 14  
8 25 23 4 15  
9 16 29 8 28  
18 29 9 27 2  
15 22 7 28 23  
1 25 9 22 8  
9 4 24 16 29  
29 16 5 9 15  
16 6 14 17 11  
29 9 25 4 23  
0 16 11 25 22  
8 23 25 4 6  
18 27 29 9 2  
16 9 4 15 29  
9 4 24 16 29  
15 29 9 1 17  
8 25 23 4 15  
29 16 5 25 15  
27 28 2 21 29  
9 24 16 29 4  
8 9 6 25 28  
15 1 0 9 17  
9 4 24 16 29  
1 25 14 9 2  
27 9 23 18 29  
27 28 2 21 29  
1 15 4 0 25  
28 17 16 6 4  
1 25 9 22 8  
28 17 4 16 6  
27 28 18 29 14  
15 1 0 17 9  
9 4 24 16 28  
29 16 5 9 15  
9 1 4 15 25  
9 28 8 16 6  
18 29 9 27 2  
29 8 15 22 9  
7 22 1 28 6  
29 16 5 15 9  
9 15 4 23 27  
17 22 1 16 9  
18 23 27 29 9  
14 29 9 23 25  
29 16 5 15 8  
 
8 25 4 23 15  
18 29 14 9 27  
29 6 25 22 23  
15 0 1 25 9  
12 13 16 19 18  
16 15 25 4 22  
16 0 22 9 1  
15 16 0 17 11  
18 29 9 27 2  
25 1 14 9 2  
29 16 15 18 5  
9 28 8 25 16  
8 16 29 28 5  
27 28 2 21 29  
29 25 9 22 6  
4 15 17 16 5  
28 16 5 6 4  
9 8 25 28 6  
0 15 16 22 17  
25 4 15 6 28  
 
18 29 9 2 14  
1 17 8 0 4  
9 4 24 16 29  
12 13 16 19 18  
22 9 17 1 28  
9 28 16 8 6  
4 29 9 24 16  
9 8 16 6 25  
29 16 5 15 8  
29 2 19 16 9  
1 8 17 22 4  
9 23 22 28 29  
16 11 17 0 6  
25 9 22 23 1  
8 15 16 1 6  
16 11 17 25 9  
8 25 9 6 15  
29 16 5 15 8  
18 29 9 27 2  
8 25 23 4 15  
15 4 8 7 25  
29 9 25 22 6  
15 11 17 7 1  
22 2 3 4 14  
16 6 15 30 28  
28 17 16 6 15  
18 29 9 27 2  
1 9 15 4 25  
18 9 14 29 23  
18 29 9 27 23  
1 17 0 4 2  
18 29 9 27 2  
12 13 16 19 18  
16 15 29 1 9  
8 15 6 19 7  
9 4 24 16 29  
15 8 22 7 28  
18 29 9 27 2  
22 2 3 4 14  
29 16 5 15 8  
8 1 28 17 22  
29 9 18 2 22  
18 9 23 14 25  
1 25 9 4 15  
18 29 9 27 2  
29 9 2 18 22  
1 17 4 0 28  
29 16 5 9 15  
16 11 17 0 6  
29 8 22 9 25  
1 25 14 22 28  
18 29 9 27 2  
9 28 8 16 6  
9 4 24 16 29  
8 25 9 22 28  
 
16 15 9 11 25  
9 18 23 27 22  
16 4 29 28 9  
29 16 5 15 8  
16 17 0 11 6  
25 1 14 9 2  
9 28 8 16 29  
18 29 9 27 2  
15 22 7 28 23  
29 16 5 15 8  
1 9 15 4 25  
29 16 5 15 8  
28 17 16 4 1  
 
1 16 23 3 27  
25 9 22 23 1  
27 2 21 23 29  
25 1 22 6 28  
18 29 9 27 2  
8 25 23 4 15  
8 22 15 28 25  
16 29 9 5 15  
1 23 8 3 30  
16 11 25 6 14  
1 16 8 23 3  
17 6 4 20 22  
18 23 27 29 9  
18 29 9 27 2  
9 16 29 24 27  
8 23 25 6 4  
29 16 5 15 8  
1 16 23 8 3  
9 27 14 23 18  
15 0 16 17 11  
29 19 16 9 8  
1 16 14 3 17  
1 17 8 0 16  
16 25 29 27 23  
1 17 8 0 4  
9 16 22 1 28  
9 4 24 16 29  
18 29 9 2 27  
25 1 14 9 2  
28 17 4 5 8  
16 11 17 0 6  
12 13 16 19 18  
1 9 15 4 25  
16 29 15 1 25  
9 28 8 16 29  
16 6 14 17 11  
1 9 15 4 25  
17 1 0 9 2  
9 28 16 8 6  
27 2 21 29 14  
29 16 5 18 9  
9 16 28 4 23  
18 9 29 27 14  
15 16 0 17 11  
16 4 6 19 8  
1 9 15 4 25  
18 9 27 2 14  
9 28 8 16 6  
8 23 25 4 15  
16 15 29 17 22  
29 16 5 15 8  
28 17 4 5 8  
18 9 25 29 27  
9 4 24 16 28  
22 2 3 4 28  
25 9 22 23 1  
16 19 9 15 8  
17 1 0 22 9  
9 28 8 16 6  
18 29 9 27 2  
15 1 4 25 6  
 
16 8 4 23 6  
27 23 29 14 2  
18 29 9 27 2  
9 29 16 15 5  
27 28 2 21 29  
17 0 2 1 22  
8 22 15 28 25  
18 29 9 27 2  
19 29 2 16 8  
1 15 9 17 2  
1 9 15 4 25  
18 29 9 27 2  
9 29 16 24 28  
4 29 9 24 16  
19 8 23 16 9  
29 23 9 25 22  
16 11 17 0 6  
17 1 0 9 4  
15 1 0 9 28  
16 0 17 11 15  
23 16 19 27 8  
1 25 2 9 22  
4 29 9 24 16  
18 29 9 27 2  
29 16 5 9 15  
1 9 15 4 6  
29 16 5 8 18  
16 0 11 17 28  
9 16 29 24 28  
29 16 5 8 18  
29 25 22 6 8  
29 4 9 25 22  
15 4 1 25 9  
16 23 8 28 4  
15 8 22 7 28  
23 27 9 14 25  
29 16 5 15 8  
27 28 18 2 15  
9 16 22 1 29  
29 16 5 9 15  
18 29 9 27 2  
16 15 29 9 1  
1 8 17 0 28  
1 9 15 4 25  
1 2 25 9 22  
8 25 23 4 15  
1 8 14 16 15  
29 16 5 9 15  
27 28 16 18 29  
27 23 29 14 2  
27 23 9 25 14  
27 23 25 9 14  
16 18 23 21 4  
25 23 4 9 28  
16 4 19 18 15  
27 28 2 21 29  
8 25 23 9 6  
18 9 14 25 23  
9 4 24 16 29  
8 29 22 25 9  
23 6 8 25 4  
9 8 1 6 25  
27 28 2 21 29  
25 4 15 6 28  
28 16 15 1 6  
1 25 14 9 22  
27 28 2 21 29  
18 9 23 14 25  
9 29 16 2 24  
16 29 9 25 4  
8 23 9 22 28  
15 16 0 17 11  
1 15 4 9 6  
16 29 1 22 9  
18 27 9 23 14  
29 16 5 9 15  
29 19 16 9 8  
16 15 29 8 5  
25 9 22 27 11  
29 16 5 15 8  
1 9 15 4 25  
29 18 2 22 23  
1 9 15 4 25  
18 29 9 27 2  
18 29 9 27 2  
29 2 9 18 22  
8 23 28 22 15  
29 16 5 15 3  
4 29 9 24 16  
1 15 16 9 4  
27 29 28 18 16  
29 16 5 15 8  
9 27 29 22 14  
27 23 9 25 14  
25 9 22 1 23  
29 16 5 15 8  
23 7 22 17 6  
15 16 0 17 11  
1 15 16 9 4  
15 11 16 0 25  
18 29 9 27 2  
9 23 8 28 1  
15 16 0 17 11  
19 16 8 2 26  
29 16 5 15 8  
18 9 23 25 14  
28 16 9 26 29  
16 19 8 6 4  
9 4 24 29 28  
9 4 24 16 29  
27 28 2 21 29  
29 16 5 15 8  
29 8 18 25 9  
29 16 5 9 15  
9 29 2 27 21  
18 29 27 9 14  
17 0 1 2 28  
27 23 2 21 29  
16 22 4 6 18  
1 25 2 9 28  
29 18 2 19 16  
25 2 22 8 27  
16 11 25 15 6  
16 11 17 0 6  
4 1 9 25 15  
25 1 9 2 14  
25 14 22 27 29  
1 23 8 3 30  
15 28 4 8 11  
1 9 15 4 25  
18 29 27 9 8  
25 23 8 15 6  
25 8 9 22 28  
9 24 16 4 28  
22 2 4 14 27  
8 15 22 28 25  
6 5 28 1 17  
8 15 16 1 6  
27 2 21 29 18  
 
15 0 17 11 16  
8 25 23 4 15  
9 28 8 16 6  
8 9 25 4 23  
9 28 8 16 6  
16 23 8 4 6  
23 15 8 9 6  
4 25 23 8 6  
29 16 5 15 8  
17 1 3 30 28  
29 16 25 22 6  
8 25 23 4 15  
18 29 9 2 22  
29 2 19 16 9  
8 15 22 28 25  
9 29 4 25 22  
29 16 5 9 15  
15 19 8 16 26  
9 28 16 6 29  
1 23 8 3 30  
15 8 22 7 28  
25 1 9 2 22  
29 16 9 15 25  
28 16 6 5 4  
27 20 28 18 29  
15 17 11 25 28  
1 15 16 4 25  
9 16 29 24 19  
9 28 8 16 6  
16 11 17 0 6  
22 1 28 23 9  
29 16 5 9 15  
18 29 9 27 2  
9 28 16 27 20  
18 29 9 27 2  
16 15 29 9 1  
6 8 9 25 28  
29 16 5 15 8  
0 16 17 11 25  
29 16 5 15 8  
8 16 1 6 14  
15 1 17 0 9  
25 1 14 9 2  
22 16 9 17 2  
9 25 22 8 28  
28 17 16 4 6  
29 25 6 22 28  
9 28 16 24 4  
16 15 29 9 1  
28 16 4 9 8  
27 2 21 29 14  
27 28 2 21 29  
16 8 15 4 18  
22 9 17 2 8  
16 15 23 22 29  
16 4 15 9 21  
15 16 0 17 11  
25 1 2 22 6  
27 2 21 29 14  
15 8 22 9 28  
1 16 14 3 17  
16 15 9 25 28  
16 8 19 2 22  
29 16 5 18 9  
16 17 11 0 28  
29 9 4 18 25  
25 1 14 9 2  
8 25 23 4 15  
29 16 5 9 15  
9 4 24 16 29  
29 16 19 9 24  
25 1 14 9 2  
1 25 2 9 14  
28 17 4 5 8  
29 16 28 9 8  
29 19 16 9 8  
18 2 21 27 29  
8 15 16 1 6  
15 8 22 9 28  
4 29 9 24 16  
8 15 16 6 1  
18 14 29 9 27  
8 9 4 25 22  
29 16 9 5 15  
27 29 18 28 16  
29 16 5 9 15  
29 25 9 22 6  
19 12 6 8 2  
9 4 24 16 29  
8 15 22 28 25  
8 1 16 15 14  
18 29 9 27 2  
25 22 9 29 27  
29 16 9 8 19  
1 9 15 4 0  
16 6 14 17 11  
23 4 9 15 22  
15 1 28 9 0  
 
18 29 9 27 2  
 
 
16 15 25 4 22  
16 4 6 22 21  
18 29 9 27 2  
29 16 5 9 15  
27 23 14 21 25  
18 29 9 27 2  
29 16 5 9 15  
1 9 15 4 25  
15 16 0 17 11  
0 16 17 11 25  
18 29 9 27 2  
9 2 22 23 28  
17 5 6 4 15  
8 15 14 16 1  
1 4 17 8 0  
 
15 17 1 29 28  
29 16 5 15 8  
25 1 14 9 2  
22 9 16 2 28  
29 9 18 28 27  
16 15 29 11 17  
18 29 9 27 2  
16 15 29 8 3  
9 4 24 28 16  
1 11 25 14 22  
9 4 24 16 29  
12 13 16 19 18  
1 25 14 9 2  
1 14 8 3 17  
9 16 29 24 28  
23 8 28 25 4  
16 0 17 11 25  
9 24 4 29 28  
28 16 1 17 4  
9 28 8 16 6  
1 25 2 9 29  
18 9 23 25 14  
1 17 8 0 4  
27 28 2 21 29  
6 29 28 25 22  
9 4 25 1 24  
1 17 0 8 16  
27 23 25 9 22  
18 2 21 27 29  
25 14 9 22 2  
9 29 25 16 27  
27 28 2 21 29  
27 28 2 21 29  
16 29 15 25 8  
8 15 22 28 25  
8 25 4 23 15  
25 1 2 22 6  
27 28 18 2 15  
16 23 8 15 6  
12 13 16 19 18  
27 28 2 21 29  
9 29 2 21 16  
15 8 22 7 28  
15 8 4 25 23  
1 17 16 28 14  
1 9 15 4 0  
9 28 16 29 8  
17 1 15 9 28  
 
4 29 9 24 16  
1 9 2 22 8  
29 9 18 14 27  
29 16 5 8 18  
27 28 2 21 18  
29 16 5 15 8  
18 21 27 9 29  
25 9 22 27 14  
9 28 16 29 24  
17 1 0 2 22  
12 13 16 4 18  
9 28 8 16 6  
22 2 3 11 1  
8 25 23 4 15  
28 5 4 8 7  
28 9 16 8 4  
16 15 29 9 1  
9 4 24 16 29  
15 1 17 0 9  
29 16 4 15 21  
18 29 9 27 2  
16 15 9 11 25  
16 2 28 11 8  
22 2 1 11 3  
27 28 2 21 19  
29 16 5 15 8  
29 16 5 9 15  
9 4 24 16 29  
29 16 5 8 18  
4 29 9 24 16  
8 25 23 4 15  
16 19 8 15 18  
25 9 14 22 27  
29 16 5 15 8  
28 16 4 9 8  
1 25 14 9 22  
9 29 16 2 28  
15 8 22 7 28  
29 2 19 16 9  
15 0 25 1 9  
18 29 27 9 14  
18 29 9 27 2  
1 16 17 8 0  
0 16 17 25 22  
29 16 5 15 25  
27 2 21 29 28  
1 25 14 9 2  
9 4 27 24 23  
25 2 22 8 27  
16 27 23 15 22  
8 15 16 1 6  
29 16 5 15 9  
28 16 8 7 22  
29 8 18 16 15  
19 8 15 16 6  
16 15 29 8 3  
8 23 4 25 15  
29 16 5 15 25  
9 16 28 8 4  
16 17 0 11 9  
27 28 2 21 19  
8 23 25 6 4  
18 29 9 27 2  
9 8 28 25 4  
9 29 28 27 16  
18 29 9 14 23  
29 16 5 15 3  
9 16 17 1 29  
27 28 2 21 29  
29 16 5 15 8  
27 2 21 29 23  
8 15 16 1 6  
27 2 21 29 14  
29 8 25 22 9  
27 28 2 21 29  
18 29 9 27 2  
1 17 0 4 16  
27 28 18 2 15  
25 14 9 1 22  
1 17 0 16 25  
1 25 2 9 22  
1 17 8 0 4  
18 29 9 27 2  
16 15 29 8 5  
4 29 9 24 16  
27 25 22 9 16  
27 2 23 21 29  
4 29 9 24 16  
18 29 9 27 2  
27 28 2 21 29  
29 16 5 15 25  
27 2 19 28 21  
27 2 21 29 18  
18 29 14 23 9  
18 9 14 23 28  
16 0 17 11 15  
23 9 15 22 8  
27 28 2 16 21  
16 29 20 9 15  
9 29 16 24 2  
16 11 17 0 6  
9 16 22 1 28  
29 16 5 9 15  
17 4 5 6 15  
27 2 28 18 19  
1 9 15 4 25  
1 25 27 22 9  
15 0 25 16 17  
27 22 25 9 15  
25 1 14 9 6  
8 25 4 9 22  
18 9 14 29 23  
1 9 15 4 25  
 
25 1 14 9 2  
18 29 9 2 27  
16 4 23 15 1  
28 17 5 16 6  
8 15 19 7 2  
18 29 9 2 14  
29 19 16 9 8  
9 29 16 28 8  
9 16 29 24 28  
18 29 9 27 2  
1 4 17 0 28  
9 16 24 19 20  
1 16 14 3 17  
29 19 16 9 8  
18 29 27 9 2  
28 17 6 4 5  
1 17 0 4 28  
16 15 29 8 9  
9 28 8 16 29  
9 4 24 16 29  
16 19 8 15 9  
29 16 5 15 8  
27 2 21 29 23  
4 8 25 23 15  
8 15 16 1 6  
17 1 0 22 15  
1 16 23 8 3  
9 4 24 16 29  
1 9 15 4 25  
8 25 23 4 15  
9 4 24 16 29  
9 28 8 16 6  
9 1 15 29 16  
9 4 24 16 29  
9 24 4 29 28  
29 19 16 9 8  
1 25 14 9 2  
18 29 9 27 2  
29 16 19 9 8  
8 15 16 1 6  
1 25 14 9 2  
29 16 5 15 8  
9 8 28 25 4  
16 0 17 11 25  
16 4 8 6 28  
25 9 22 14 2  
1 17 8 0 4  
18 9 14 23 28  
1 17 8 0 4  
16 15 9 4 8  
18 2 29 22 23  
16 15 29 1 11  
16 15 9 17 22  
1 17 0 4 28  
18 29 9 27 2  
29 16 5 15 8  
9 4 24 29 28  
22 2 11 3 1  
9 16 29 24 28  
1 23 8 3 30  
18 29 27 9 2  
15 1 0 9 28  
4 29 9 24 16  
9 28 16 6 29  
1 9 15 4 0  
23 22 9 17 16  
25 1 14 9 28  
18 29 9 27 2  
27 2 21 29 18  
23 25 8 6 4  
29 16 5 15 18  
12 13 16 19 18  
27 23 14 29 9  
16 15 0 17 11  
17 28 5 15 4  
17 20 6 4 22  
16 17 24 4 1  
18 29 14 23 24  
1 9 15 4 0  
27 28 2 21 29  
8 15 25 22 4  
8 25 4 9 22  
27 2 21 29 14  
29 16 5 15 8  
18 29 9 27 2  
29 16 5 15 8  
27 2 21 29 23  
 
23 8 25 4 15  
18 29 9 27 2  
29 25 9 22 6  
16 18 23 21 4  
29 25 6 22 28  
15 0 25 1 16  
 
16 0 17 11 15  
15 16 0 17 11  
29 16 5 15 8  
1 23 3 8 7  
28 17 16 6 15  
17 1 0 22 15  
9 25 15 2 1  
16 23 27 29 9  
1 9 15 4 25  
15 1 0 17 9  
9 24 4 16 29  
1 25 14 9 2  
29 16 5 8 15  
23 27 29 25 9  
1 17 0 28 4  
8 25 28 9 22  
25 1 22 28 6  
8 16 9 29 28  
16 24 28 21 22  
18 29 9 27 22  
18 29 2 22 23  
16 11 25 17 28  
9 29 16 24 28  
29 16 5 15 8  
28 17 6 15 4  
29 25 22 9 6  
27 2 21 23 29  
9 28 16 24 4  
18 29 9 27 2  
9 28 8 16 29  
29 16 5 15 8  
1 9 15 0 4  
 
9 28 8 16 6  
18 27 28 29 9  
29 16 5 15 8  
9 27 23 16 28  
25 14 9 22 27  
18 29 9 27 2  
29 9 22 27 2  
29 16 5 15 8  
16 8 6 15 1  
29 16 5 15 8  
27 28 2 16 21  
29 16 5 9 15  
16 0 17 11 25  
9 8 28 25 4  
27 28 18 2 21  
25 9 22 23 1  
29 16 27 18 5  
8 25 4 23 22  
1 9 4 15 25  
9 16 29 3 8  
8 16 6 14 17  
18 9 29 14 23  
15 8 22 7 28  
9 22 28 1 29  
27 23 25 9 22  
16 0 15 17 11  
22 9 16 0 1  
23 27 15 16 25  
18 29 27 2 9  
16 0 17 11 25  
25 1 9 14 22  
4 29 9 24 16  
18 27 2 29 9  
16 19 9 29 8  
29 25 6 23 28  
25 1 2 14 9  
29 9 5 16 15  
8 15 16 1 6  
29 16 5 15 8  
9 4 24 16 28  
18 29 9 27 2  
9 4 24 16 29  
16 15 29 9 11  
1 16 8 23 3  
1 16 23 8 3  
15 1 23 8 28  
16 15 17 1 9  
9 28 8 16 6  
29 27 16 5 23  
29 5 25 15 16  
9 4 24 16 28  
16 15 25 1 9  
1 17 0 28 11  
9 29 2 21 27  
16 6 14 17 11  
29 2 19 16 9  
8 16 6 14 17  
27 28 2 21 29  
0 1 25 15 4  
4 29 9 24 16  
29 25 9 22 27  
16 15 29 9 1  
12 13 16 19 18  
8 1 4 16 28  
8 25 23 4 15  
27 2 21 29 14  
8 15 16 1 6  
17 22 1 0 11  
28 17 1 6 0  
9 4 24 16 29  
28 17 16 6 4  
15 11 16 25 0  
9 4 24 29 28  
16 23 8 1 28  
27 28 2 19 21  
8 1 15 16 14  
1 9 15 4 25  
4 25 9 29 15  
4 29 9 24 16  
18 29 9 27 2  
9 16 24 28 21  
8 23 25 4 6  
29 19 16 9 8  
18 29 9 27 2  
21 27 9 29 23  
29 16 5 8 18  
15 28 1 9 0  
1 15 4 9 6  
29 25 6 23 28  
9 4 24 16 29  
29 2 18 22 23  
9 4 24 20 29  
29 1 22 23 8  
8 15 6 16 1  
15 16 17 11 25  
16 15 29 11 1  
1 17 0 28 2  
1 23 3 8 30  
15 1 9 0 25  
23 9 28 4 16  
16 29 15 8 1  
16 22 15 4 6  
1 17 0 4 16  
16 9 8 29 15  
16 28 17 4 6  
29 19 16 9 8  
28 17 5 16 6  
8 1 4 16 28  
22 2 9 3 4  
27 28 2 21 29  
9 16 29 27 14  
18 9 27 14 29  
9 4 16 29 24  
27 28 2 21 29  
8 23 4 25 6  
16 15 29 9 1  
15 0 17 11 25  
1 17 0 4 2  
28 17 6 4 5  
27 23 2 9 21  
25 14 9 2 1  
28 9 16 8 4  
16 9 11 25 17  
16 18 4 29 15  
27 28 18 29 14  
9 16 1 29 28  
15 4 0 25 16  
27 28 18 25 29  
9 28 8 6 25  
29 19 16 9 8  
0 17 11 16 6  
3 14 22 27 4  
28 17 15 16 6  
29 25 6 22 18  
15 0 17 28 22  
29 16 5 9 15  
17 1 0 22 9  
18 29 9 27 2  
25 1 14 22 9  
16 9 8 15 29  
16 11 17 0 6  
8 22 28 25 9  
27 28 2 21 29  
8 15 16 1 6  
18 29 9 27 2  
1 17 8 4 28  
15 22 7 28 23  
1 15 23 8 28  
15 9 4 16 29  
16 17 11 0 28  
29 19 16 9 8  
25 1 14 9 2  
15 8 22 7 28  
16 29 5 15 9  
8 23 9 25 4  
4 29 9 24 16  
27 2 21 29 14  
18 29 9 27 2  
9 29 16 24 28  
29 16 5 9 15  
16 15 29 9 1  
29 16 5 15 8  
28 15 17 5 16  
4 29 9 24 16  
25 8 23 22 4  
18 9 14 23 28  
27 22 25 9 24  
29 16 25 5 9  
29 25 6 22 23  
16 15 29 9 25  
28 16 4 9 8  
15 16 0 17 11  
8 23 25 4 6  
8 9 28 25 4  
15 16 17 11 6  
29 16 5 9 15  
 
9 29 16 24 19  
25 23 8 4 15  
18 29 9 27 2  
15 28 4 8 11  
16 19 9 15 8  
1 9 15 4 25  
15 1 17 0 28  
15 1 17 0 9  
1 23 8 3 30  
29 16 5 15 8  
1 25 14 9 2  
9 29 16 27 8  
9 4 24 1 15  
29 16 5 15 8  
16 15 29 9 1  
18 29 9 27 2  
15 1 17 0 28  
27 2 21 29 18  
18 9 23 14 25  
1 17 8 0 22  
9 4 24 16 29  
25 1 14 9 2  
18 29 9 27 2  
25 14 9 22 27  
29 16 5 9 15  
18 29 9 27 2  
4 29 9 24 16  
15 16 17 11 25  
16 15 29 9 1  
9 23 27 24 16  
27 28 2 21 29  
27 28 2 21 29  
29 9 16 4 25  
29 16 9 25 8  
29 16 5 9 15  
16 15 29 8 5  
29 16 5 9 15  
29 9 1 25 23  
9 28 8 16 6  
15 0 25 16 1  
9 28 16 29 24  
16 15 29 9 1  
15 16 0 17 11  
18 29 9 27 2  
29 16 5 15 8  
17 20 14 6 4  
4 29 9 24 16  
29 25 9 22 6  
9 28 8 16 6  
22 9 2 1 3  
29 16 5 9 15  
27 2 23 21 29  
4 25 15 9 8  
15 8 22 7 28  
25 22 1 28 14  
1 8 15 16 14  
15 1 9 4 25  
9 28 8 16 6  
16 29 15 25 8  
22 8 27 28 6  
1 16 3 23 6  
1 25 14 9 22  
19 16 8 15 18  
4 15 17 16 5  
9 4 24 16 29  
25 29 16 9 4  
17 1 0 22 15  
16 11 17 0 6  
29 9 2 18 22  
18 29 9 27 2  
1 15 28 4 23  
18 27 29 9 23  
29 6 25 22 28  
16 0 17 11 25  
23 8 25 6 4  
15 11 16 0 17  
18 9 2 23 21  
29 5 15 16 8  
27 23 9 25 16  
1 17 0 2 4  
17 1 0 27 22  
8 9 28 16 25  
 
1 8 28 17 25  
8 25 23 4 15  
17 20 14 6 4  
28 17 16 6 4  
15 1 6 7 17  
4 29 9 24 16  
8 22 15 28 25  
 
16 9 29 28 15  
18 9 23 25 14  
8 22 15 28 25  
25 1 2 22 6  
9 4 24 16 28  
27 2 21 23 29  
25 22 1 6 29  
11 16 15 6 17  
18 9 2 22 29  
15 11 6 4 7  
8 1 4 28 25  
9 29 16 4 28  
25 1 14 9 28  
9 16 24 28 21  
1 17 8 0 4  
1 4 17 8 0  
18 29 9 27 2  
29 16 5 9 15  
27 28 2 21 29  
27 28 2 21 29  
8 25 23 4 6  
1 8 17 4 28  
16 11 17 0 6  
8 6 21 29 9  
1 15 4 9 25  
27 22 25 9 15  
16 9 19 28 8  
16 6 4 18 12  
1 23 8 3 30  
28 16 6 5 4  
18 29 9 14 27  
22 16 17 2 28  
29 16 5 15 8  
27 28 2 21 29  
29 16 5 15 8  
9 25 8 4 28  
1 9 15 4 25  
29 16 5 15 8  
1 25 14 9 2  
29 16 5 9 15  
18 9 14 29 23  
4 23 6 15 8  
16 15 29 9 1  
23 25 4 6 8  
 
28 17 5 6 16  
8 23 9 22 15  
28 17 4 16 6  
16 29 25 6 9  
27 2 21 29 28  
27 28 29 16 15  
16 4 18 19 6  
18 29 9 27 2  
 
1 17 0 28 2  
27 28 2 21 29  
8 15 23 25 4  
8 23 25 6 4  
 
1 9 15 4 25  
18 27 28 29 9  
29 16 5 9 15  
1 17 0 2 11  
16 6 14 17 11  
16 9 29 28 8  
1 9 15 0 25  
29 25 6 22 28  
16 29 24 5 15  
18 29 9 27 2  
28 17 15 16 5  
27 23 2 29 21  
4 29 9 24 16  
17 28 1 4 6  
9 1 25 8 27  
16 11 17 0 6  
1 16 14 3 17  
15 0 11 4 1  
29 16 9 15 8  
8 2 26 19 15  
8 6 21 29 9  
16 15 1 9 11  
8 1 16 15 14  
1 25 14 9 2  
9 8 28 16 6  
9 28 16 24 4  
1 17 0 22 28  
9 4 24 16 29  
16 4 6 28 23  
15 29 9 1 17  
16 15 9 29 11  
 
27 28 18 2 15  
29 19 16 9 8  
1 23 8 3 30  
16 15 29 23 8  
27 28 2 21 18  
18 29 9 27 2  
18 2 21 27 29  
27 2 21 29 18  
9 4 24 16 29  
25 9 22 23 1  
16 11 17 0 6  
23 25 8 6 4  
4 25 15 8 9  
8 15 16 1 6  
9 24 29 28 16  
18 29 27 9 2  
9 29 16 24 19  
27 28 18 2 16  
16 23 8 28 1  
29 25 9 28 22  
25 9 22 27 14  
8 1 25 28 7  
15 8 22 7 28  
1 15 9 16 4  
1 15 4 9 6  
16 15 29 1 8  
28 16 4 9 8  
9 29 2 21 27  
6 29 25 22 28  
16 15 29 8 3  
9 29 16 24 28  
29 25 9 22 6  
16 28 8 17 5  
9 28 8 16 6  
9 4 24 16 29  
9 24 28 29 16  
23 25 8 6 4  
9 4 24 16 28  
18 29 9 27 2  
1 17 0 28 2  
9 23 4 29 24  
1 4 0 17 28  
29 16 5 15 8  
 
18 2 21 27 29  
4 29 9 24 16  
22 1 9 16 2  
9 28 8 16 6  
9 4 24 28 16  
8 15 22 28 25  
29 16 5 9 15  
12 13 16 19 18  
29 16 5 9 15  
17 6 4 20 22  
16 0 11 17 25  
11 15 25 28 7  
9 16 2 1 28  
18 9 23 14 25  
15 16 0 17 11  
27 28 2 21 29  
1 25 2 9 22  
18 29 9 27 2  
29 25 6 22 28  
8 25 23 4 15  
27 28 2 21 29  
16 0 17 11 25  
9 4 24 16 29  
8 23 4 25 15  
1 8 17 22 25  
8 1 25 28 7  
8 25 23 4 15  
1 14 9 25 22  
16 0 17 11 15  
9 8 28 16 19  
29 19 16 9 8  
18 27 9 2 29  
28 17 6 4 30  
23 4 15 6 9  
28 17 16 6 4  
29 16 5 15 8  
16 11 17 0 14  
16 11 17 0 6  
29 19 16 9 8  
8 25 23 4 15  
 
29 25 9 22 6  
9 29 16 24 2  
28 17 16 6 4  
9 28 8 16 6  
9 4 24 25 16  
1 17 16 8 0  
28 17 6 16 5  
9 4 24 16 29  
11 16 15 0 17  
1 4 9 6 25  
16 23 8 28 4  
9 28 8 16 6  
15 16 0 17 11  
27 28 2 21 29  
29 9 2 18 22  
9 29 16 2 24  
8 25 23 4 15  
18 29 9 27 2  
18 29 9 27 2  
25 1 2 14 9  
9 4 25 16 24  
9 4 16 29 15  
29 16 5 15 8  
27 28 2 21 29  
9 4 24 29 16  
18 9 27 2 23  
28 16 5 15 30  
9 4 24 16 29  
16 0 11 17 6  
29 25 6 22 28  
 
4 29 9 24 16  
28 5 8 7 21  
9 28 8 16 6  
18 27 2 29 9  
18 9 2 23 21  
1 9 4 15 25  
29 25 9 22 6  
9 27 18 28 25  
18 27 9 23 25  
15 16 0 17 11  
4 1 25 6 9  
1 25 9 2 8  
4 15 16 6 9  
18 25 24 9 23  
27 28 2 21 29  
16 9 29 15 5  
18 29 9 27 2  
16 11 17 0 6  
15 17 11 0 4  
16 11 28 1 17  
15 16 0 17 11  
9 28 8 6 25  
16 15 29 1 11  
25 23 6 22 28  
15 0 25 7 16  
28 16 8 15 7  
28 17 5 4 6  
29 5 16 15 3  
25 1 2 9 28  
27 2 21 29 18  
15 4 0 25 16  
18 29 9 27 2  
 
9 16 29 19 24  
8 15 1 6 14  
18 29 9 27 2  
1 25 14 9 22  
8 25 23 4 15  
 
1 3 30 23 28  
25 1 14 8 22  
4 15 17 16 5  
9 28 8 16 6  
16 9 8 15 29  
8 9 6 28 22  
27 25 22 9 15  
18 29 9 27 2  
18 9 29 27 25  
8 25 23 4 19  
16 15 8 18 6  
8 16 1 15 6  
27 28 2 21 29  
29 16 5 15 8  
29 16 5 15 8  
23 22 4 9 25  
9 4 24 16 29  
8 25 23 9 22  
1 16 23 8 3  
27 28 2 21 29  
22 9 16 17 2  
 
15 8 22 7 28  
16 0 17 11 25  
15 1 4 9 6  
9 18 27 2 14  
27 28 2 21 29  
15 22 7 28 23  
18 9 14 29 23  
1 25 2 9 22  
18 29 27 28 9  
28 17 6 4 16  
15 16 0 17 11  
27 28 2 21 29  
25 14 9 22 27  
27 28 2 21 29  
29 2 21 27 14  
29 16 5 15 8  
9 1 25 4 15  
17 1 0 22 28  
12 13 16 19 18  
8 25 23 4 15  
29 16 5 9 15  
9 22 28 1 29  
8 16 1 6 14  
16 15 29 9 1  
29 16 9 15 25  
15 16 0 17 11  
16 19 9 15 8  
22 9 16 17 2  
15 1 17 28 9  
9 29 24 19 28  
9 18 22 23 29  
4 29 9 24 16  
9 4 24 16 29  
27 28 2 21 29  
15 16 0 17 11  
29 16 5 9 15  
14 21 2 23 25  
23 9 22 2 21  
16 11 17 0 6  
 
25 1 14 9 2  
18 2 21 27 9  
27 28 2 21 29  
9 15 1 16 4  
8 23 25 4 15  
28 17 16 6 4  
29 16 5 15 8  
29 16 5 9 15  
1 17 0 28 2  
17 1 0 22 2  
 
25 9 22 23 1  
27 2 21 29 14  
28 17 16 4 5  
29 16 5 8 18  
 
15 16 0 17 11  
8 25 23 4 15  
9 28 8 16 6  
9 8 28 25 22  
16 25 0 11 29  
1 17 0 28 22  
9 4 24 16 29  
27 23 21 14 29  
16 0 17 11 25  
16 11 17 0 9  
16 17 11 15 0  
16 15 6 4 18  
18 2 21 27 29  
29 16 5 15 8  
28 8 9 16 29  
28 16 9 26 29  
1 9 15 4 25  
9 4 24 16 28  
16 15 0 17 11  
15 16 0 17 11  
15 16 0 17 11  
9 16 24 28 8  
1 17 8 0 4  
15 22 7 28 23  
16 0 17 11 15  
9 28 8 16 6  
1 9 4 15 25  
25 9 22 23 1  
27 23 2 21 29  
9 4 24 16 29  
18 29 9 27 2  
28 17 16 4 6  
16 15 29 9 1  
18 29 14 9 27  
27 28 2 21 29  
16 17 11 0 28  
16 15 29 9 1  
15 4 0 25 16  
16 29 15 8 1  
25 1 2 14 9  
8 25 22 28 9  
9 28 8 6 25  
23 8 9 7 6  
16 4 18 6 15  
16 19 15 8 4  
18 29 9 27 2  
8 25 23 4 15  
18 29 9 27 2  
1 17 0 8 4  
9 4 24 16 29  
 
15 0 17 11 25  
19 12 6 8 2  
4 29 9 24 16  
25 14 9 2 22  
28 9 16 8 4  
16 29 9 8 15  
9 4 24 16 29  
1 17 3 27 23  
9 4 16 25 24  
16 29 9 25 18  
28 17 4 6 16  
9 4 24 16 29  
22 2 1 29 4  
9 16 28 24 4  
29 16 5 9 15  
15 8 22 7 28  
1 23 3 8 30  
1 14 25 22 11  
25 1 14 9 2  
17 16 15 6 8  
18 29 9 27 2  
18 29 9 27 2  
29 25 9 22 6  
8 28 1 16 23  
1 17 0 28 4  
15 0 25 16 17  
15 8 22 7 28  
15 8 7 28 23  
8 15 16 6 1  
15 1 9 4 25  
9 29 16 24 28  
8 25 15 19 6  
28 17 16 6 4  
29 25 9 22 6  
29 16 9 25 5  
29 16 5 15 9  
1 15 4 17 8  
15 16 0 17 11  
27 28 2 21 29  
6 29 25 28 22  
29 18 2 21 27  
8 28 25 22 23  
8 16 1 6 14  
4 25 8 3 23  
29 19 16 9 8  
8 15 16 1 6  
18 29 9 27 2  
29 2 19 16 9  
15 8 4 25 23  
16 17 0 25 11  
1 17 0 28 11  
1 9 2 29 25  
1 17 0 4 16  
18 2 21 27 29  
16 15 0 17 11  
27 28 2 19 21  
18 9 23 14 25  
1 16 23 8 3  
27 2 21 23 29  
27 23 14 9 25  
25 1 14 9 2  
9 16 22 1 28  
1 25 14 9 22  
18 29 9 27 2  
17 1 0 22 15  
25 1 14 9 2  
27 2 21 29 18  
28 2 19 27 8  
9 4 24 16 29  
15 11 17 0 28  
28 17 16 6 15  
18 29 9 27 2  
17 1 0 2 28  
12 13 16 19 18  
25 1 22 28 6  
18 29 9 2 14  
18 29 9 2 14  
16 15 17 9 11  
18 29 9 27 2  
29 19 16 9 8  
9 29 16 24 28  
18 29 9 27 2  
9 4 24 16 29  
9 29 16 24 2  
18 29 9 27 2  
8 23 25 4 15  
27 28 2 21 29  
9 29 16 24 27  
28 17 6 16 5  
16 29 24 5 15  
16 0 17 11 25  
27 28 2 21 29  
9 16 29 20 24  
1 4 0 17 28  
16 15 4 23 8  
29 16 5 9 15  
29 16 5 15 8  
18 29 9 27 2  
23 9 18 2 27  
22 9 2 1 28  
8 9 6 25 4  
29 9 27 18 22  
16 29 9 15 25  
9 15 4 0 25  
15 17 0 16 11  
9 4 24 16 29  
 
8 1 16 15 14  
23 25 15 6 28  
18 29 14 23 9  
27 9 23 29 14  
15 16 0 17 11  
12 13 16 19 18  
25 9 22 23 1  
8 25 23 4 15  
 
27 28 18 2 15  
9 8 16 28 6  
29 16 5 8 3  
28 17 16 6 4  
9 1 4 25 15  
29 25 23 6 22  
25 9 22 27 29  
29 25 6 22 23  
8 6 21 29 9  
1 17 4 8 0  
17 1 0 15 9  
16 15 29 9 1  
28 16 5 17 30  
12 13 16 19 18  
18 29 9 27 2  
1 9 11 17 23  
22 2 19 11 16  
14 21 2 23 25  
27 23 9 25 14  
9 22 28 1 29  
18 29 9 27 2  
0 1 25 9 15  
27 28 2 24 18  
 
16 11 0 17 25  
1 16 14 3 17  
23 4 9 15 22  
12 13 16 19 18  
8 1 16 15 14  
9 28 8 16 6  
15 1 0 17 9  
1 9 15 4 0  
29 16 5 15 8  
28 17 4 6 15  
1 23 3 8 30  
1 15 4 0 25  
22 16 9 17 2  
2 27 21 29 16  
18 29 9 27 2  
8 22 15 28 25  
9 16 29 24 28  
16 4 18 6 15  
1 17 8 0 4  
15 8 7 28 23  
1 25 2 9 22  
9 4 29 15 24  
1 17 16 28 14  
16 23 4 18 8  
16 29 28 9 20  
8 23 25 4 15  
1 9 15 4 25  
1 25 28 14 9  
1 9 8 6 21  
15 29 1 11 17  
29 16 5 15 8  
15 0 17 11 25  
8 15 16 1 6  
18 29 9 27 14  
 
16 9 8 15 29  
15 0 17 11 25  
9 22 17 16 0  
29 16 5 9 15  
1 14 25 9 28  
9 4 16 28 24  
15 16 0 17 11  
17 1 0 27 25  
29 16 5 15 8  
15 28 4 8 11  
15 11 25 28 7  
9 24 29 16 28  
16 4 23 6 9  
9 28 8 16 6  
1 17 0 28 2  
8 1 16 15 14  
 
29 16 5 15 8  
1 15 16 9 4  
29 9 25 27 8  
29 16 5 15 8  
2 16 8 6 19  
8 25 23 4 28  
1 17 8 0 4  
15 0 17 16 7  
9 4 24 16 29  
29 19 16 9 8  
16 0 11 17 25  
8 25 4 23 15  
1 0 17 4 16  
16 15 29 5 11  
16 15 0 17 11  
18 29 9 27 2  
1 23 3 8 30  
25 1 22 6 28  
12 16 4 23 18  
29 25 22 6 23  
 
27 25 22 9 15  
9 8 6 21 29  
28 18 27 14 25  
1 8 17 9 4  
8 25 23 4 15  
15 11 25 28 6  
25 9 22 27 14  
1 8 17 4 22  
18 29 9 27 2  
9 28 8 16 6  
29 25 6 22 23  
15 11 25 16 4  
25 1 2 22 6  
 
27 23 9 25 22  
25 9 22 23 1  
9 28 8 6 29  
12 13 16 19 18  
1 17 0 16 28  
11 16 0 17 6  
27 28 18 2 15  
18 29 9 27 2  
15 0 25 1 7  
27 25 22 9 15  
27 25 22 9 24  
18 9 29 23 25  
29 16 5 15 8  
18 29 9 27 2  
28 16 6 4 15  
29 19 16 9 8  
8 23 25 6 4  
8 15 22 28 25  
8 25 23 4 15  
25 1 14 9 2  
16 0 15 22 7  
16 4 18 21 8  
29 6 25 22 28  
15 11 17 0 28  
9 29 2 21 27  
15 8 22 7 28  
1 23 3 8 30  
1 9 15 4 25  
15 16 0 17 11  
27 9 25 23 22  
1 8 25 27 29  
16 14 15 1 25  
27 28 16 18 29  
18 29 9 27 2  
1 25 14 9 2  
9 24 16 28 29  
27 23 21 14 29  
9 4 24 16 29  
25 1 14 9 22  
29 8 18 16 15  
15 29 9 1 17  
 
16 15 29 11 9  
18 9 29 27 2  
8 15 1 16 6  
27 19 2 28 8  
1 17 0 16 28  
18 2 21 27 9  
29 8 22 25 9  
9 16 29 24 4  
9 28 8 16 6  
9 28 8 16 6  
29 16 5 15 8  
9 16 29 24 19  
16 15 25 8 19  
18 29 9 14 23  
9 4 24 20 27  
25 1 9 2 22  
16 0 17 11 25  
27 2 21 29 14  
1 17 0 28 2  
29 16 15 8 4  
15 16 0 17 11  
17 1 0 22 15  
16 15 0 17 11  
1 23 8 3 30  
9 28 8 16 6  
9 4 24 16 29  
27 2 21 23 29  
16 29 15 5 28  
23 8 22 25 4  
16 19 9 8 15  
16 6 14 17 11  
28 17 16 4 5  
29 16 5 15 8  
29 9 25 6 22  
19 16 8 15 18  
15 8 22 7 28  
1 17 0 8 4  
18 29 2 16 21  
9 28 6 29 16  
27 28 2 21 18  
8 15 16 1 6  
22 2 19 11 16  
1 25 14 9 22  
9 4 24 16 29  
28 17 6 4 1  
18 29 9 27 2  
1 25 14 9 2  
29 16 5 9 15  
25 14 9 22 2  
 
29 18 2 19 16  
9 4 24 16 29  
25 1 14 9 2  
18 9 29 27 22  
9 16 29 28 4  
8 22 15 25 28  
 
8 25 23 4 15  
28 16 4 9 8  
9 16 4 29 19  
25 14 9 2 1  
29 16 9 25 5  
28 17 16 6 5  
8 22 15 28 25  
 
 
23 9 27 22 16  
18 29 9 27 2  
18 29 9 27 2  
28 17 16 6 4  
8 1 15 16 14  
9 4 24 16 29  
16 11 17 0 28  
17 1 0 22 28  
2 18 28 23 9  
9 28 8 16 6  
18 29 9 27 2  
8 16 9 29 28  
18 29 9 27 2  
15 8 7 22 23  
18 29 27 9 2  
17 1 0 22 15  
27 23 2 29 21  
8 15 6 17 5  
8 22 28 25 4  
1 9 15 4 25  
2 29 9 22 23  
27 28 2 21 29  
27 23 2 29 14  
16 0 17 11 25  
8 1 4 22 28  
29 16 5 18 9  
1 15 23 8 28  
28 9 16 29 24  
25 23 8 6 28  
1 23 8 3 30  
27 2 21 29 28  
27 23 2 21 14  
8 23 25 6 4  
1 9 4 25 15  
15 16 0 17 11  
28 16 9 6 8  
9 4 24 16 29  
16 11 17 25 6  
8 25 28 15 23  
16 29 15 8 1  
 
15 0 25 16 4  
1 17 0 4 16  
17 16 6 15 28  
9 8 28 6 25  
12 13 16 19 18  
1 9 0 25 15  
16 15 11 0 17  
16 29 9 5 4  
9 28 16 6 29  
0 17 15 28 22  
9 4 24 16 28  
27 23 9 25 14  
9 4 24 16 29  
 
12 13 16 19 18  
6 22 25 1 28  
9 4 24 16 29  
27 2 21 29 14  
27 23 25 9 22  
28 17 6 4 1  
29 16 5 8 3  
18 29 9 27 2  
27 28 2 21 15  
18 9 29 14 28  
18 9 14 23 28  
18 29 9 27 2  
16 15 9 25 28  
9 28 8 16 6  
4 29 9 24 16  
16 11 17 0 6  
8 9 6 28 22  
17 20 6 4 22  
16 8 9 29 25  
17 1 0 22 15  
22 9 16 0 29  
18 29 9 28 23  
3 22 4 14 27  
16 11 17 0 6  
1 15 4 9 6  
9 29 16 24 2  
 
9 22 28 27 29  
1 9 15 4 25  
15 0 17 16 11  
29 9 25 22 6  
29 16 5 15 8  
28 17 5 6 4  
29 1 25 23 6  
9 16 29 3 8  
28 16 6 5 4  
27 2 21 29 18  
9 18 2 21 27  
25 1 14 9 2  
18 9 23 28 25  
16 19 8 29 15  
27 28 2 21 29  
1 17 0 4 28  
4 8 25 23 15  
1 16 14 3 17  
17 1 0 22 15  
29 16 5 15 9  
9 28 8 16 6  
1 14 3 17 8  
27 28 18 2 15  
8 25 23 4 15  
1 25 9 2 22  
1 3 30 8 23  
29 19 16 9 8  
17 1 0 22 15  
18 29 9 27 2  
29 19 16 9 8  
29 25 23 22 18  
9 4 24 16 28  
29 16 5 15 8  
16 0 17 22 7  
29 25 9 16 8  
18 29 9 27 2  
16 11 17 0 6  
27 23 29 21 14  
9 25 8 4 28  
1 15 4 0 25  
15 1 11 25 17  
18 29 9 27 2  
15 0 17 11 16  
17 1 0 27 25  
15 1 28 16 23  
12 13 16 19 18  
9 28 8 6 25  
28 17 6 15 8  
0 15 25 4 16  
15 1 0 17 9  
16 0 17 11 15  
16 11 17 0 6  
15 16 0 17 11  
15 8 7 28 23  
29 16 5 15 8  
 
2 29 21 27 9  
27 28 2 21 29  
16 1 23 8 4  
16 11 17 0 6  
9 4 24 16 29  
18 29 9 2 22  
27 2 23 21 19  
16 13 15 21 6  
17 5 6 4 15  
16 0 17 11 15  
1 9 15 4 25  
1 14 16 3 8  
29 25 6 22 28  
1 0 17 16 8  
25 1 14 9 2  
1 9 15 4 25  
16 11 17 28 9  
18 29 9 14 23  
18 29 9 27 2  
16 15 9 29 25  
16 11 17 0 6  
29 16 5 9 20  
2 21 27 29 9  
18 29 9 27 2  
8 25 22 9 28  
8 25 4 23 15  
25 1 22 28 6  
8 23 25 4 9  
16 11 17 0 6  
1 9 15 4 25  
4 29 9 24 16  
28 1 15 8 17  
8 25 23 4 15  
1 23 3 8 30  
9 22 28 1 29  
8 1 16 23 9  
16 19 15 9 8  
21 27 9 29 23  
17 20 14 6 4  
27 28 2 21 29  
15 1 28 9 17  
15 4 0 25 16  
16 19 8 15 18  
 
27 28 2 21 29  
27 28 2 21 29  
5 17 28 15 6  
18 29 9 27 2  
8 25 9 28 29  
1 17 8 0 4  
16 4 23 8 18  
18 29 27 9 2  
18 9 23 25 14  
29 25 6 22 28  
29 2 19 16 9  
25 1 14 9 2  
29 16 8 15 20  
18 29 27 9 2  
29 25 9 22 6  
22 9 2 11 1  
22 9 16 17 2  
9 2 22 28 18  
9 8 16 28 29  
29 16 9 25 18  
1 17 0 22 28  
8 15 6 16 1  
28 17 4 5 6  
27 2 21 28 29  
15 1 0 17 9  
15 0 25 4 16  
27 2 21 29 18  
1 8 28 17 25  
25 1 14 9 2  
4 29 9 24 16  
1 25 14 9 2  
27 28 2 21 29  
9 4 24 16 29  
9 4 24 29 28  
29 16 5 9 15  
18 9 14 23 25  
29 9 22 6 25  
17 1 0 22 9  
29 16 8 18 5  
29 16 15 8 18  
9 4 25 1 16  
27 28 2 21 19  
18 29 2 9 27  
16 0 15 25 22  
9 24 4 16 28  
9 22 28 1 29  
18 9 14 23 28  
16 19 2 28 9  
25 1 22 6 28  
18 9 28 23 14  
15 17 7 0 4  
15 1 28 17 9  
16 11 25 17 15  
0 15 1 25 17  
15 8 22 7 28  
18 29 9 27 2  
18 9 29 14 23  
9 4 24 16 29  
8 23 25 15 9  
8 28 16 4 25  
1 25 14 28 22  
9 4 24 16 29  
15 29 9 1 17  
18 9 14 23 28  
16 29 9 3 1  
 
15 0 17 11 16  
1 25 2 9 22  
29 25 6 22 18  
9 4 24 16 29  
22 2 3 4 14  
16 0 17 11 25  
27 28 18 2 15  
 
1 9 15 4 0  
16 11 17 0 6  
18 29 9 27 2  
15 8 22 7 28  
18 9 23 25 14  
27 2 21 29 14  
16 29 9 15 25  
12 13 16 19 18  
9 28 8 16 6  
16 11 0 17 6  
9 4 24 16 29  
15 8 22 7 28  
8 15 1 6 16  
28 17 16 6 4  
16 15 29 8 3  
27 28 2 21 19  
9 4 24 16 29  
8 25 23 4 15  
29 9 25 4 23  
8 15 16 1 6  
27 2 21 23 29  
16 15 0 17 11  
8 23 25 4 15  
27 28 2 21 29  
19 6 25 8 28  
16 15 29 17 22  
16 15 9 25 1  
18 29 2 22 23  
16 11 17 0 6  
8 1 16 15 14  
1 17 8 0 4  
29 18 2 22 23  
9 29 16 24 19  
1 30 23 3 8  
27 23 9 25 14  
16 15 9 11 17  
27 28 2 21 29  
17 1 0 4 16  
16 4 29 28 9  
9 28 8 16 6  
18 2 21 27 29  
8 15 1 16 6  
18 29 9 27 2  
18 2 21 27 9  
9 16 4 15 5  
29 19 16 9 8  
16 6 23 18 4  
1 16 4 8 6  
16 19 8 15 18  
9 25 15 29 22  
9 16 29 24 19  
18 9 29 27 14  
22 9 16 17 2  
15 8 7 28 25  
8 9 6 28 22  
9 18 23 2 21  
17 1 27 23 25  
18 29 9 27 2  
8 25 22 9 28  
29 25 6 22 18  
17 1 0 22 15  
16 6 17 8 0  
16 8 15 4 18  
4 28 9 23 16  
25 9 22 23 1  
16 15 29 1 11  
9 25 15 16 14  
18 9 16 2 21  
16 19 8 15 18  
23 9 28 4 16  
16 15 29 9 1  
29 22 9 25 8  
15 4 0 25 16  
1 8 17 28 22  
8 15 22 28 25  
1 9 4 15 25  
28 16 1 15 6  
27 2 21 29 18  
17 1 16 23 8  
27 28 2 21 29  
16 9 28 11 15  
8 16 29 9 28  
9 16 29 0 28  
16 11 17 6 28  
9 1 8 6 21  
18 29 9 27 14  
18 9 29 27 2  
27 28 21 2 29  
17 1 27 0 25  
9 19 16 29 24  
9 8 28 6 25  
15 16 0 17 11  
11 16 0 17 15  
9 16 15 29 25  
28 16 4 9 8  
29 25 6 22 18  
16 15 29 8 9  
29 9 23 25 22  
 
29 16 5 9 15  
28 21 5 7 16  
9 1 4 25 15  
29 8 18 16 15  
9 28 8 16 6  
1 4 17 0 28  
9 25 15 29 22  
29 16 5 9 15  
9 4 24 16 29  
9 16 29 24 8  
15 1 28 9 11  
15 16 0 17 11  
8 25 23 4 15  
27 28 2 21 29  
29 25 9 22 6  
29 25 9 22 6  
19 6 25 28 16  
18 9 29 25 14  
 
1 25 14 9 22  
29 16 5 15 8  
9 16 29 28 4  
1 17 16 8 0  
16 15 29 1 11  
23 4 15 6 9  
27 28 2 21 29  
18 29 9 27 2  
29 16 9 15 25  
18 29 9 27 2  
18 29 9 27 2  
29 16 15 5 8  
29 16 15 5 18  
18 9 14 23 28  
1 9 15 4 25  
15 16 0 17 11  
15 29 9 8 25  
8 9 28 25 22  
28 17 4 6 16  
18 29 9 27 2  
15 8 22 7 28  
9 20 28 4 16  
25 1 22 14 6  
17 1 27 25 22  
18 9 2 14 23  
29 9 18 2 22  
8 15 16 1 6  
8 1 15 14 6  
18 29 9 27 2  
8 1 15 16 14  
16 11 17 0 28  
16 0 17 11 25  
17 0 22 1 2  
1 15 16 4 25  
29 16 5 15 8  
15 8 16 1 6  
 
1 9 15 4 0  
25 1 2 8 14  
27 28 2 21 16  
9 4 24 16 28  
18 21 27 23 16  
29 16 5 9 15  
23 27 21 14 9  
25 1 14 9 2  
1 17 8 0 4  
28 16 8 15 17  
28 16 15 1 6  
16 17 11 0 6  
25 29 22 27 23  
8 25 23 15 28  
1 16 23 8 3  
28 17 6 4 5  
9 29 16 2 19  
4 29 9 24 16  
18 29 9 27 2  
1 25 2 9 22  
12 13 16 19 18  
28 17 5 4 6  
16 15 29 9 25  
9 8 28 6 25  
22 2 11 1 28  
12 13 16 19 18  
23 9 28 16 4  
17 1 0 22 15  
23 25 4 6 8  
29 16 5 15 9  
27 23 29 14 2  
27 23 2 14 29  
9 4 24 16 29  
8 15 16 6 14  
1 17 15 22 25  
29 25 6 22 28  
0 15 25 1 16  
1 17 8 0 4  
18 29 9 27 2  
27 28 2 21 29  
9 4 24 16 29  
16 29 25 18 27  
1 17 0 16 28  
9 4 24 16 29  
9 8 28 6 25  
1 25 14 9 22  
29 20 15 16 5  
29 16 5 15 25  
25 1 22 14 28  
27 28 2 21 29  
8 25 4 23 15  
9 28 8 16 6  
1 17 8 0 4  
27 23 21 29 2  
8 25 9 28 22  
29 16 5 8 18  
8 4 25 15 23  
16 0 17 11 25  
29 16 5 15 8  
25 14 9 2 22  
29 16 5 15 8  
9 8 1 21 29  
8 15 16 6 14  
9 4 24 16 28  
29 16 3 8 15  
 
 
29 16 5 9 15  
15 16 0 17 11  
29 16 5 9 15  
15 0 11 16 22  
18 29 9 27 2  
23 9 18 29 2  
15 9 25 8 22  
22 17 9 1 0  
29 19 16 9 8  
9 4 24 16 29  
29 16 5 3 8  
18 29 9 27 2  
27 2 21 29 14  
15 1 25 17 23  
12 16 13 23 15  
25 4 15 6 28  
4 29 9 24 16  
28 17 16 4 6  
15 16 0 17 11  
18 29 9 27 2  
28 16 4 8 25  
9 16 29 19 24  
18 2 22 14 23  
16 0 15 17 11  
27 23 2 21 29  
27 28 18 2 15  
16 11 0 17 28  
2 29 27 21 18  
23 9 22 28 17  
29 6 25 23 22  
18 29 9 27 2  
16 2 28 11 8  
16 15 29 8 3  
8 25 23 4 15  
28 9 16 8 4  
18 9 14 23 28  
1 4 17 0 28  
4 29 9 24 16  
29 16 5 15 8  
9 0 6 16 17  
25 8 4 15 9  
18 29 14 23 24  
16 11 0 17 6  
8 25 9 28 22  
9 28 8 6 25  
25 14 9 22 27  
16 19 8 15 18  
22 16 1 4 23  
9 28 16 25 24  
9 28 8 6 25  
18 9 23 29 27  
29 16 5 15 8  
1 9 15 4 0  
28 17 6 16 5  
8 15 16 1 6  
 
16 11 17 0 28  
19 6 25 8 28  
1 16 8 4 15  
16 17 11 0 25  
29 16 5 15 8  
1 16 14 8 15  
1 16 14 3 17  
16 8 15 4 18  
22 2 3 4 11  
8 15 16 1 6  
8 28 9 23 1  
9 28 27 16 29  
1 16 23 8 3  
27 28 2 21 29  
18 29 9 27 2  
27 28 2 21 29  
27 2 21 29 14  
16 6 14 17 11  
22 16 1 4 23  
8 9 25 4 23  
15 1 4 25 6  
25 1 14 9 22  
22 16 2 28 29  
23 16 28 8 4  
12 13 16 19 18  
 
27 29 9 23 18  
28 17 16 6 4  
27 28 2 21 29  
15 16 0 17 11  
2 1 25 9 14  
1 25 14 9 22  
25 1 22 14 28  
17 1 0 15 22  
8 15 19 25 23  
16 15 29 9 1  
28 17 16 6 4  
29 2 22 23 9  
18 9 14 23 28  
29 18 2 19 16  
9 4 24 16 29  
9 28 8 6 25  
16 6 14 17 8  
23 8 9 7 6  
1 9 15 4 25  
25 1 14 2 22  
9 4 16 29 24  
23 25 8 6 4  
29 2 22 23 28  
27 2 21 29 18  
9 28 8 16 6  
28 16 5 6 4  
29 16 19 8 15  
27 2 21 29 23  
29 16 5 9 15  
15 28 4 8 11  
27 2 23 21 29  
8 25 23 4 15  
17 1 0 28 22  
1 9 15 4 25  
22 2 3 11 4  
1 17 8 0 4  
19 8 23 16 9  
9 29 4 16 24  
1 23 8 3 30  
1 16 23 8 3  
16 19 8 15 18  
 
29 2 28 21 27  
29 5 16 15 8  
16 0 17 11 15  
27 28 2 21 29  
9 1 25 8 6  
25 9 22 27 2  
25 1 22 28 6  
15 0 17 11 16  
16 15 29 9 25  
29 16 5 15 8  
1 9 15 4 25  
28 17 5 4 15  
1 17 0 28 4  
29 16 5 15 18  
16 19 9 15 8  
17 1 0 22 2  
16 4 23 15 1  
9 28 25 8 6  
17 1 0 22 9  
25 14 9 2 22  
4 29 9 24 16  
27 2 21 23 29  
9 4 24 16 15  
27 2 21 29 14  
18 9 23 14 25  
16 23 4 28 8  
4 29 9 24 16  
1 25 27 9 22  
28 15 6 4 5  
18 29 27 2 9  
29 16 8 5 15  
28 17 5 6 4  
9 4 24 16 28  
9 29 16 24 28  
27 28 2 19 21  
1 23 8 28 16  
17 1 0 22 9  
17 1 0 22 9  
29 25 23 22 18  
27 2 21 29 23  
27 2 21 29 14  
25 1 22 28 6  
9 16 1 29 28  
29 16 5 18 15  
18 29 9 2 27  
28 17 16 6 5  
27 28 2 21 29  
15 8 7 28 25  
1 17 8 0 4  
25 9 22 29 8  
1 25 14 9 22  
 
1 15 9 4 25  
15 8 22 7 28  
29 16 9 5 15  
16 4 6 22 21  
28 18 27 9 29  
15 0 11 4 1  
25 1 2 22 6  
17 0 22 1 9  
15 8 22 28 25  
9 4 24 16 29  
18 29 9 14 23  
16 29 28 9 20  
29 25 9 6 22  
1 9 4 15 25  
12 13 16 19 18  
16 0 22 1 9  
29 16 5 9 15  
16 15 29 9 11  
16 4 18 21 8  
1 25 14 9 2  
1 15 16 9 4  
9 4 24 16 29  
2 29 21 27 14  
29 25 9 22 6  
29 16 5 15 8  
1 25 14 9 22  
16 0 17 11 25  
25 1 22 6 28  
8 15 16 1 6  
23 4 15 6 9  
9 16 28 24 4  
8 15 1 16 6  
27 28 18 2 21  
2 29 21 27 14  
25 14 28 22 9  
23 25 8 6 4  
16 4 18 6 15  
8 15 25 23 4  
18 29 9 27 2  
27 18 28 2 21  
27 2 21 29 14  
17 20 6 4 22  
15 1 17 0 9  
16 15 29 5 11  
16 15 0 17 11  
27 28 2 21 29  
8 25 23 4 15  
18 29 9 27 2  
9 4 24 16 28  
22 2 19 6 18  
8 25 23 4 15  
27 28 2 19 29  
 
16 15 8 25 19  
9 24 4 15 16  
28 17 4 5 8  
16 11 17 6 28  
9 4 24 16 29  
18 29 9 27 2  
27 23 2 21 14  
22 2 11 1 3  
9 29 16 28 8  
9 4 24 15 16  
17 11 15 16 0  
17 20 14 6 4  
 
29 18 2 19 16  
16 29 15 5 8  
1 17 0 4 28  
23 27 9 29 25  
1 16 14 8 15  
9 28 8 16 6  
16 11 25 17 22  
15 4 0 25 1  
28 16 6 5 4  
1 4 17 15 8  
9 29 24 16 20  
23 1 25 8 28  
16 6 8 14 17  
25 14 9 22 27  
23 4 8 9 22  
23 25 8 6 4  
29 23 9 25 27  
27 23 9 25 14  
9 4 24 16 29  
23 15 1 6 28  
29 16 5 15 8  
8 23 25 4 15  
22 9 16 17 1  
28 8 25 17 22  
18 9 23 14 25  
 
25 29 1 22 6  
17 6 4 28 16  
16 18 29 27 2  
9 28 8 16 6  
1 25 14 9 2  
1 23 8 3 30  
 
27 28 2 21 29  
25 1 14 9 2  
 
1 9 4 15 25  
18 9 14 29 23  
1 25 9 4 6  
18 9 23 14 25  
1 15 9 4 25  
25 1 14 9 2  
1 23 3 28 8  
22 9 2 4 28  
16 0 17 11 25  
9 4 24 16 28  
1 25 8 9 27  
18 2 21 27 29  
29 6 25 28 22  
29 16 5 15 8  
27 18 28 2 24  
9 16 17 1 29  
18 23 25 24 2  
25 1 14 9 2  
9 16 22 1 28  
1 9 15 4 25  
9 16 29 3 8  
16 29 5 15 8  
4 29 9 24 16  
8 1 16 15 14  
27 2 21 29 18  
18 29 9 27 2  
9 16 19 24 4  
28 17 16 4 6  
27 28 18 2 21  
8 15 16 1 6  
16 6 14 8 1  
9 16 29 24 28  
27 2 21 29 23  
28 17 6 4 16  
18 9 2 29 22  
9 4 24 16 29  
16 9 8 15 29  
14 29 9 23 25  
29 8 18 16 15  
16 19 15 8 4  
16 11 17 9 25  
15 0 16 1 25  
8 16 29 28 6  
16 15 29 9 25  
27 28 2 21 29  
9 28 16 24 4  
8 25 23 4 15  
18 29 2 22 23  
9 4 24 16 29  
18 2 21 27 9  
16 0 17 11 6  
25 23 4 8 6  
18 9 23 14 25  
27 23 1 25 14  
1 25 14 9 2  
1 4 17 0 28  
8 1 15 16 6  
27 28 2 21 29  
29 16 5 15 8  
18 29 9 27 2  
17 1 0 2 28  
15 29 9 1 17  
8 25 23 4 15  
 
25 14 9 2 1  
16 9 8 5 4  
18 29 27 9 2  
17 1 0 2 22  
29 25 6 22 23  
6 29 25 18 1  
1 16 23 3 14  
8 9 6 28 22  
9 8 28 6 25  
1 25 14 22 28  
28 17 16 4 5  
17 1 0 22 2  
28 16 5 15 30  
29 16 5 18 15  
 
 
15 16 17 11 6  
27 28 2 21 29  
18 29 9 27 2  
4 29 9 24 16  
1 25 14 9 22  
8 15 1 16 14  
18 29 9 27 2  
22 2 3 4 11  
1 17 0 2 28  
1 16 23 8 3  
4 29 9 24 16  
29 16 5 15 8  
18 29 9 27 2  
22 9 2 1 28  
9 29 16 15 28  
1 15 4 9 25  
17 15 0 1 28  
16 0 17 11 25  
1 23 8 3 30  
4 29 9 24 16  
1 15 0 25 9  
16 15 9 1 11  
15 16 9 11 25  
27 29 18 28 16  
27 28 2 21 29  
9 4 16 23 8  
8 16 4 28 1  
1 17 8 0 4  
27 28 2 21 29  
29 16 5 15 8  
29 9 1 11 25  
29 16 5 15 8  
23 25 8 6 4  
9 28 8 16 6  
17 20 6 4 22  
18 2 29 9 27  
28 16 9 26 29  
9 4 24 16 29  
16 0 17 11 25  
29 9 25 23 14  
16 15 11 25 17  
28 17 16 4 6  
29 16 5 15 8  
28 17 16 6 4  
1 25 14 9 2  
16 1 23 9 3  
17 8 1 28 22  
4 15 16 6 9  
1 25 2 9 29  
16 0 17 22 7  
16 0 22 1 9  
29 16 5 15 8  
16 15 29 9 1  
18 29 9 27 2  
16 17 11 15 0  
29 19 16 9 8  
15 8 7 28 23  
15 8 22 28 25  
15 0 17 11 22  
18 29 9 27 2  
9 16 19 24 2  
18 29 9 27 2  
15 16 0 17 11  
18 29 27 9 2  
16 19 8 15 18  
29 19 16 9 8  
12 13 16 19 18  
29 25 27 9 22  
1 25 14 9 22  
25 9 22 27 11  
1 9 15 4 25  
29 19 16 9 8  
2 27 29 21 9  
16 1 8 23 3  
9 21 4 8 22  
8 16 15 1 6  
28 17 5 6 16  
9 4 24 16 28  
18 2 21 27 29  
14 29 9 23 25  
1 16 23 8 3  
16 15 29 9 1  
15 8 7 28 25  
8 25 29 22 9  
16 19 8 15 9  
27 9 23 18 29  
16 11 17 0 6  
27 2 21 29 14  
29 25 9 22 6  
17 1 0 22 25  
9 16 24 28 29  
28 16 17 4 5  
15 16 9 11 25  
1 0 17 8 28  
16 19 2 9 8  
28 16 9 26 29  
27 28 2 21 29  
16 15 0 17 11  
17 11 25 28 15  
15 8 7 28 25  
16 15 29 9 1  
1 9 4 6 15  
 
25 9 22 23 1  
18 29 9 27 2  
18 9 25 29 27  
18 2 22 14 23  
18 29 9 27 2  
25 1 14 9 28  
8 25 23 4 15  
29 16 28 9 20  
25 1 14 2 22  
16 11 25 17 6  
16 15 9 1 25  
16 6 8 15 1  
15 29 9 1 17  
18 29 9 27 2  
29 16 5 15 8  
9 16 29 24 19  
29 16 5 15 3  
16 9 29 25 4  
12 13 16 19 18  
8 4 25 23 15  
1 15 4 9 25  
15 8 22 7 28  
27 28 19 2 8  
9 8 6 25 19  
9 16 29 19 24  
29 16 5 15 8  
16 11 17 6 0  
19 16 8 15 18  
4 29 9 24 16  
29 19 16 9 8  
25 9 22 23 1  
9 29 16 24 28  
1 17 8 0 4  
29 16 5 15 8  
16 1 29 9 17  
25 29 16 5 19  
22 16 1 4 23  
16 15 29 8 1  
23 9 28 4 25  
29 16 5 9 15  
 
1 14 8 15 16  
28 16 9 26 29  
9 28 8 16 29  
29 19 16 9 8  
1 17 8 0 4  
1 25 14 9 22  
28 17 6 4 5  
28 17 6 1 16  
1 9 15 4 25  
9 16 29 24 28  
16 11 17 0 6  
1 17 8 0 4  
18 29 9 27 2  
15 22 7 28 23  
15 16 0 17 11  
19 2 28 27 8  
16 15 9 11 17  
15 1 9 11 25  
29 16 5 9 15  
29 16 5 15 8  
18 29 9 27 28  
25 1 14 9 2  
8 23 25 6 4  
22 9 16 17 8  
1 25 2 9 22  
28 16 4 8 17  
27 1 25 23 14  
27 28 2 21 18  
18 29 27 9 23  
16 0 17 11 25  
29 9 25 22 6  
16 19 8 15 18  
1 9 15 4 25  
9 16 29 8 28  
8 23 1 28 15  
9 4 24 16 28  
8 16 6 14 15  
22 1 27 25 9  
28 17 16 6 4  
28 8 17 4 5  
29 9 8 16 5  
16 11 17 0 14  
29 16 5 15 8  
 
9 28 8 16 29  
18 29 9 27 2  
9 28 8 6 25  
29 2 21 27 14  
9 4 24 16 29  
18 29 9 27 2  
9 28 8 16 6  
16 0 17 11 15  
9 16 24 28 29  
18 29 9 27 2  
1 8 9 6 25  
1 9 15 4 25  
1 4 17 0 28  
9 28 16 29 24  
16 15 29 5 18  
18 29 9 27 2  
1 9 4 0 15  
27 28 2 21 18  
11 25 17 28 7  
18 9 23 25 14  
22 9 16 17 8  
8 16 9 28 24  
17 1 0 9 28  
8 1 15 16 6  
9 28 8 16 6  
16 0 11 17 25  
29 25 9 28 22  
1 9 15 4 25  
27 28 19 2 8  
16 9 17 0 11  
18 29 27 16 5  
9 4 24 16 27  
9 16 24 28 21  
29 6 9 25 8  
1 15 4 0 25  
4 1 25 6 9  
16 23 8 1 28  
18 29 9 27 2  
29 16 5 9 15  
8 9 6 28 22  
9 1 15 4 25  
18 2 21 27 29  
29 16 9 17 5  
4 29 9 24 16  
8 25 23 9 22  
16 15 9 29 1  
22 2 3 4 11  
1 25 14 9 22  
17 22 1 9 0  
9 28 8 16 6  
22 2 3 4 14  
27 28 18 25 29  
1 9 4 15 25  
29 2 9 22 23  
29 19 16 9 8  
9 4 28 24 27  
16 29 3 8 9  
25 1 14 2 22  
8 4 23 25 15  
1 9 15 4 25  
18 29 9 27 2  
25 9 22 14 27  
9 1 25 8 6  
27 28 2 21 29  
18 29 2 27 9  
16 29 9 25 4  
16 19 8 15 18  
28 16 9 21 26  
9 28 8 16 6  
25 14 9 22 27  
16 15 29 9 22  
29 16 5 15 8  
17 27 1 22 0  
29 16 5 8 18  
18 29 9 14 23  
1 15 4 9 25  
9 24 16 29 28  
9 1 4 25 6  
17 20 6 4 22  
9 28 8 16 6  
17 1 0 22 9  
18 29 27 9 2  
27 2 21 29 14  
29 16 5 15 8  
1 17 0 4 28  
27 28 2 21 18  
18 9 14 23 28  
28 17 6 16 4  
27 2 21 14 29  
29 15 1 17 23  
 
18 29 9 27 2  
9 28 8 16 6  
16 1 4 15 8  
1 23 8 3 30  
8 25 9 22 28  
29 9 25 22 6  
9 28 8 16 6  
12 13 16 19 18  
4 29 9 24 16  
16 0 17 11 6  
18 29 9 27 2  
9 24 16 29 28  
16 29 15 25 23  
8 25 15 19 9  
25 1 14 9 2  
9 8 28 16 6  
23 25 8 6 4  
29 8 25 9 23  
27 28 2 21 29  
17 0 1 16 11  
9 4 24 16 29  
18 29 9 27 2  
18 29 9 27 2  
1 25 14 9 2  
17 1 0 22 25  
18 9 23 14 25  
18 9 29 27 23  
27 25 22 9 16  
8 23 25 4 6  
25 29 9 22 27  
1 25 14 9 22  
1 17 0 15 27  
25 22 28 29 16  
9 8 28 6 25  
1 17 0 8 16  
25 1 14 29 9  
8 1 25 6 21  
18 9 14 29 23  
25 14 9 2 22  
1 25 14 9 2  
13 12 16 19 18  
1 15 9 4 25  
16 15 0 17 11  
18 29 9 27 2  
18 29 9 27 2  
15 11 25 7 4  
16 4 1 15 8  
 
1 9 22 23 25  
16 0 11 17 28  
1 17 8 0 4  
1 16 14 8 15  
28 17 6 4 5  
9 28 16 6 29  
29 16 5 9 15  
 
16 6 8 1 15  
8 25 28 29 4  
29 16 19 8 15  
18 2 9 27 22  
15 1 23 3 11  
9 15 4 0 25  
15 8 22 7 9  
 
16 15 29 8 9  
29 16 5 15 8  
27 2 21 29 14  
25 14 22 27 29  
19 29 16 9 8  
15 28 4 8 11  
 
22 9 16 1 28  
9 17 23 22 11  
15 16 0 17 11  
25 1 14 9 2  
18 9 14 23 28  
 
25 9 22 27 2  
9 28 8 16 6  
 
18 29 9 27 2  
8 1 23 28 22  
25 1 9 2 8  
27 23 29 21 14  
15 8 22 7 28  
4 15 16 6 21  
11 17 25 28 7  
15 16 0 17 11  
8 1 16 14 3  
1 25 14 22 9  
29 19 16 9 8  
27 25 22 9 16  
29 16 5 15 8  
8 6 21 29 9  
16 15 8 17 6  
22 9 16 2 1  
1 9 15 4 25  
15 1 17 9 28  
17 16 5 15 28  
8 25 15 23 4  
16 17 11 0 28  
15 11 17 25 28  
29 9 22 27 2  
1 9 15 4 25  
8 28 9 16 6  
1 9 15 4 25  
8 23 9 15 22  
9 16 28 29 8  
8 1 4 28 22  
25 1 22 28 6  
15 1 17 28 9  
1 25 14 9 2  
1 15 25 9 4  
29 16 9 15 18  
25 1 14 9 2  
9 28 8 6 25  
27 28 18 14 25  
15 4 0 25 16  
9 24 28 16 29  
29 25 9 22 6  
18 29 9 27 25  
16 19 29 9 8  
16 4 23 18 28  
18 29 9 27 2  
25 14 22 27 29  
8 15 16 1 6  
16 4 18 21 8  
29 16 5 9 15  
15 8 22 28 9  
16 15 29 1 11  
9 4 24 16 28  
16 11 17 25 0  
29 16 5 9 15  
9 18 24 2 14  
29 25 9 22 6  
17 1 0 22 9  
15 22 7 1 28  
16 8 19 2 22  
22 9 16 17 8  
17 1 0 22 15  
17 1 0 22 9  
25 14 9 2 22  
22 9 16 17 8  
27 18 29 9 23  
18 29 9 27 2  
16 0 17 11 25  
18 29 9 14 25  
15 8 22 7 28  
18 29 9 27 2  
4 29 9 24 16  
27 2 21 29 14  
27 2 21 29 14  
25 1 22 28 6  
27 28 18 2 15  
9 1 25 8 6  
29 16 5 9 15  
22 9 2 28 1  
18 29 9 27 2  
8 15 1 16 6  
28 17 16 6 4  
28 17 16 6 4  
9 22 25 1 23  
16 11 0 6 25  
1 9 4 15 25  
9 4 24 16 29  
9 24 16 4 29  
18 9 23 14 2  
29 9 18 2 22  
14 25 1 28 27  
27 28 2 21 29  
28 17 6 15 16  
8 15 22 28 25  
18 2 21 27 29  
9 29 16 19 24  
15 14 16 29 9  
29 16 2 9 19  
27 21 2 28 18  
16 17 11 0 22  
16 15 11 25 17  
1 25 14 9 2  
29 16 9 25 15  
1 17 0 8 4  
8 1 16 14 15  
18 29 9 27 2  
11 25 15 4 7  
8 15 16 1 6  
28 4 1 17 31  
9 24 28 29 21  
9 4 24 16 29  
15 0 17 11 16  
1 15 4 25 9  
29 16 1 9 15  
1 15 25 4 9  
15 16 0 17 11  
27 28 2 21 29  
16 9 11 25 17  
15 29 9 1 17  
27 2 21 29 14  
29 6 25 22 28  
16 4 19 8 18  
8 23 9 4 15  
 
29 16 5 15 8  
9 16 29 24 28  
25 14 9 22 27  
25 1 14 9 2  
18 9 27 14 23  
16 9 29 25 1  
18 9 29 14 23  
29 19 16 9 8  
29 16 5 15 8  
9 4 28 24 20  
 
17 23 27 25 16  
9 16 24 28 4  
25 1 9 15 4  
18 29 9 27 2  
9 4 24 16 29  
29 16 5 15 8  
 
1 8 4 17 0  
16 0 17 11 25  
25 14 9 2 22  
27 2 21 29 14  
16 2 28 11 8  
8 25 23 4 15  
1 15 4 0 25  
18 29 9 27 2  
15 4 25 8 9  
 
1 25 14 9 22  
1 17 0 16 28  
1 9 15 4 0  
29 8 18 16 15  
9 4 24 16 29  
9 28 16 6 29  
22 9 16 2 28  
29 8 15 5 16  
12 16 21 13 28  
4 29 9 24 16  
8 16 29 9 28  
9 4 24 29 28  
14 1 11 25 22  
27 23 2 21 29  
15 16 0 17 11  
16 19 9 2 21  
11 17 25 28 7  
9 8 6 25 16  
1 2 25 9 22  
23 28 9 16 4  
16 8 15 4 18  
27 28 2 29 21  
1 17 0 4 28  
28 16 6 15 1  
28 5 4 17 30  
1 8 3 30 23  
27 28 18 2 15  
12 13 16 19 18  
29 6 25 8 18  
25 1 14 9 2  
25 1 14 9 28  
16 15 9 29 1  
27 28 2 21 18  
15 8 22 7 28  
9 16 29 24 28  
16 29 5 9 15  
18 29 9 27 2  
17 1 0 22 9  
15 16 0 17 11  
18 29 9 27 2  
29 16 5 9 15  
25 22 14 9 27  
9 4 24 16 28  
1 25 14 9 2  
9 28 8 16 6  
27 2 21 29 14  
29 9 25 4 23  
9 4 24 16 29  
16 11 17 0 6  
22 3 14 2 18  
17 20 6 4 22  
8 16 9 29 28  
25 1 22 28 6  
22 16 1 4 23  
9 4 24 16 28  
 
16 4 18 6 15  
9 28 8 16 6  
18 9 23 14 25  
27 2 28 21 29  
15 22 7 28 23  
16 15 1 14 29  
1 17 0 4 28  
16 17 11 15 25  
29 25 9 22 6  
17 20 14 6 4  
28 17 5 15 8  
27 28 2 21 29  
25 6 23 28 22  
28 6 16 5 15  
18 29 9 27 2  
9 16 29 19 24  
15 1 25 17 23  
1 25 14 9 2  
16 19 8 15 4  
9 4 24 29 16  
29 16 9 15 25  
29 16 5 8 18  
 
1 9 15 0 4  
16 0 11 17 6  
28 8 6 25 9  
22 9 16 17 2  
15 16 0 17 11  
29 19 16 9 8  
8 9 25 22 4  
18 9 2 29 22  
1 25 14 9 28  
1 4 9 15 16  
15 1 17 0 9  
9 16 29 24 28  
25 1 2 14 9  
18 29 9 27 2  
16 0 17 11 25  
18 9 14 29 23  
29 19 15 2 8  
29 19 16 9 8  
1 25 14 9 2  
23 25 8 9 4  
18 29 9 27 2  
22 2 1 3 28  
1 25 14 9 2  
9 28 24 16 4  
27 2 23 21 29  
18 29 9 27 2  
25 1 22 28 6  
18 29 9 28 23  
22 9 16 17 1  
27 9 25 23 22  
29 9 11 17 23  
27 2 21 29 14  
1 9 4 15 25  
15 29 9 1 17  
1 16 14 17 3  
28 9 23 4 25  
1 25 14 9 2  
9 4 24 16 29  
18 29 14 23 24  
9 4 24 29 16  
 
4 29 9 24 16  
18 27 9 29 14  
9 4 24 16 29  
27 28 2 21 29  
16 1 4 15 8  
27 28 18 2 15  
1 17 8 4 0  
16 25 9 11 29  
1 9 15 4 6  
25 9 22 23 1  
 
29 16 5 15 8  
29 16 9 25 18  
29 9 25 22 6  
16 0 17 11 25  
18 29 2 9 27  
18 29 14 23 9  
4 29 9 24 16  
25 9 22 27 14  
9 28 16 29 24  
29 16 5 15 8  
25 1 2 22 6  
9 24 16 29 28  
9 4 23 28 25  
29 2 9 21 27  
8 25 23 4 15  
1 17 0 16 28  
18 29 9 27 2  
18 29 9 27 14  
29 25 9 22 6  
25 1 14 9 2  
9 4 24 16 29  
0 1 25 15 4  
29 19 16 9 8  
29 5 15 16 8  
18 2 21 27 29  
25 1 9 22 6  
27 23 9 25 14  
28 17 5 4 6  
25 27 24 9 22  
18 29 9 27 2  
9 16 29 3 8  
29 16 5 15 8  
29 9 1 11 25  
22 2 3 27 4  
16 0 15 17 11  
9 4 29 24 16  
1 15 9 6 4  
29 9 5 4 16  
27 28 2 21 29  
17 1 0 22 9  
28 16 17 8 21  
25 1 14 22 9  
9 4 24 16 29  
1 9 15 4 25  
12 13 16 19 18  
1 17 8 0 4  
9 28 16 8 29  
1 9 15 4 25  
15 8 7 28 25  
27 23 17 9 25  
29 16 5 15 8  
27 2 21 29 18  
15 1 0 22 17  
9 28 8 16 6  
18 29 9 27 2  
16 0 17 22 7  
 
8 1 16 14 6  
9 4 24 16 29  
4 25 15 8 9  
8 9 6 28 22  
0 15 1 25 9  
1 17 0 15 28  
29 16 9 2 28  
27 2 21 29 14  
16 0 25 22 17  
28 16 4 9 8  
28 16 9 26 29  
28 17 16 6 4  
1 9 25 14 2  
17 1 0 27 25  
22 16 17 11 0  
28 17 16 4 1  
8 25 23 9 22  
15 8 7 28 25  
27 2 21 29 14  
28 29 25 9 22  
16 27 21 15 8  
8 15 1 16 6  
27 2 21 28 29  
27 2 21 29 14  
16 4 18 6 15  
28 17 4 6 16  
29 19 16 9 8  
29 25 9 27 22  
22 9 16 17 2  
18 9 29 23 2  
27 28 18 14 25  
1 23 8 3 30  
29 16 5 15 8  
17 1 0 2 27  
18 9 29 14 23  
29 16 5 15 8  
29 19 16 9 8  
9 29 16 24 28  
0 25 15 1 16  
28 17 16 6 5  
29 9 2 22 28  
29 16 5 15 8  
15 1 17 0 28  
6 17 8 15 16  
18 29 9 27 2  
9 4 24 29 28  
9 4 24 16 29  
25 1 22 29 2  
28 23 4 9 16  
8 25 2 1 22  
29 16 5 15 8  
9 16 29 28 8  
9 4 24 16 28  
9 4 24 28 16  
15 29 1 11 17  
23 4 15 6 9  
29 16 5 15 8  
23 22 8 16 1  
25 1 22 28 6  
18 29 9 27 2  
1 25 14 9 22  
22 8 27 28 6  
9 28 8 16 6  
16 11 17 0 6  
9 22 28 1 29  
1 8 17 28 4  
1 25 14 9 2  
16 15 29 9 1  
22 9 16 17 8  
18 9 29 27 14  
1 16 23 8 3  
18 29 9 27 2  
9 4 24 16 29  
17 1 0 22 9  
8 23 4 25 15  
9 4 24 16 29  
15 1 4 25 6  
1 17 0 4 16  
9 4 24 16 28  
 
9 4 24 16 29  
25 8 22 28 15  
27 28 18 2 15  
29 16 5 15 8  
27 2 21 29 14  
29 19 16 9 8  
9 4 24 16 28  
9 4 24 16 29  
28 16 6 5 4  
27 2 21 29 18  
9 28 16 29 24  
1 17 0 28 22  
16 4 29 28 9  
18 29 9 27 2  
15 16 6 8 14  
9 28 8 16 6  
8 9 6 28 22  
16 15 0 17 11  
1 25 14 9 22  
27 2 21 29 18  
1 17 0 28 2  
28 6 4 15 1  
28 16 9 26 29  
18 29 9 27 2  
9 16 19 2 28  
22 16 9 17 2  
1 25 14 9 22  
8 23 25 4 6  
9 4 24 16 29  
1 17 16 28 14  
9 28 16 8 6  
18 9 23 14 25  
28 9 23 4 16  
16 8 6 28 15  
8 25 15 19 6  
15 16 25 9 29  
29 19 16 9 8  
29 4 16 15 5  
28 1 15 8 17  
27 28 18 2 15  
9 4 24 16 29  
16 15 29 8 9  
1 9 15 0 4  
9 1 4 25 17  
1 9 4 15 25  
28 17 16 6 4  
8 23 25 6 4  
28 17 15 5 16  
16 15 29 9 1  
27 2 21 23 29  
2 22 28 21 29  
15 1 11 25 17  
15 16 0 17 11  
18 9 14 23 28  
28 5 4 16 7  
4 29 9 24 16  
27 28 2 21 29  
1 9 15 4 25  
1 9 15 4 25  
18 9 29 27 2  
9 28 8 16 6  
17 27 1 25 9  
18 29 9 27 2  
25 9 22 23 1  
17 1 0 22 15  
29 25 9 22 6  
8 25 4 15 9  
8 25 19 15 6  
15 9 28 1 0  
9 8 28 25 4  
28 16 5 15 30  
15 0 17 11 22  
15 28 4 8 11  
9 24 16 4 28  
15 16 0 17 11  
15 16 0 17 11  
25 1 14 9 2  
17 1 0 2 9  
1 25 14 9 22  
27 2 21 29 28  
16 29 5 15 3  
9 4 24 28 27  
 
16 6 15 22 4  
1 17 0 8 4  
9 21 18 2 28  
 
8 15 6 16 14  
12 13 16 19 18  
9 1 15 29 4  
15 8 7 28 25  
28 17 4 5 8  
16 11 17 0 6  
9 28 8 16 6  
8 25 23 4 15  
1 17 8 0 4  
1 9 15 4 25  
25 1 14 2 22  
9 28 8 16 6  
4 29 9 24 16  
29 16 5 9 15  
16 0 17 11 15  
8 22 15 28 25  
15 1 0 17 9  
16 15 29 8 3  
22 17 1 9 0  
1 16 23 8 3  
27 28 2 21 29  
1 25 14 9 22  
 
16 15 29 5 18  
8 25 23 4 15  
23 9 28 4 16  
16 19 9 8 29  
1 15 4 25 9  
29 25 6 22 28  
9 4 24 16 28  
18 29 9 2 22  
0 25 15 4 16  
29 25 9 22 6  
9 16 28 8 29  
29 16 9 5 15  
16 8 15 4 18  
9 16 29 2 19  
 
 
1 17 8 0 4  
1 17 0 8 28  
1 9 15 4 25  
15 16 0 17 11  
25 27 16 23 9  
16 4 28 17 6  
28 17 16 6 4  
16 6 14 17 11  
18 29 9 27 2  
1 9 15 4 25  
1 25 14 22 28  
9 24 16 29 19  
29 5 16 18 9  
1 25 14 9 2  
9 29 16 24 28  
15 16 0 17 11  
8 25 4 23 6  
29 16 5 9 15  
16 0 17 11 25  
18 9 29 27 14  
27 23 25 17 9  
29 1 25 23 6  
9 4 24 16 29  
28 16 17 15 8  
8 25 23 4 15  
8 29 25 22 28  
27 28 2 21 29  
9 28 8 16 29  
18 29 9 27 2  
9 4 24 16 29  
1 17 0 4 28  
1 15 9 16 4  
23 25 8 6 4  
27 23 25 9 14  
8 25 23 4 15  
22 2 4 14 27  
27 28 2 21 18  
27 23 14 21 25  
15 16 29 9 1  
28 16 8 7 22  
29 25 6 22 18  
17 1 0 22 15  
16 11 8 22 17  
4 15 17 16 5  
8 22 28 25 4  
15 8 22 7 28  
27 2 21 29 14  
9 8 28 16 19  
18 2 29 21 27  
16 29 4 15 8  
9 29 24 28 21  
1 17 8 4 28  
15 8 22 7 28  
18 27 28 29 9  
29 25 9 22 6  
16 11 17 0 6  
1 16 23 8 3  
9 16 29 24 28  
14 17 6 20 4  
22 9 16 17 2  
29 16 5 15 8  
28 8 25 1 22  
8 25 4 23 15  
27 28 18 2 15  
28 1 25 14 9  
16 4 23 18 28  
9 4 24 16 29  
1 4 17 8 0  
18 29 9 27 2  
1 8 23 28 9  
29 16 5 9 15  
8 9 6 28 22  
4 29 9 24 16  
29 25 6 22 28  
27 23 29 25 9  
16 29 15 25 8  
16 11 17 0 28  
8 1 28 23 9  
9 16 29 0 28  
25 9 22 29 27  
25 1 2 22 6  
18 29 9 27 14  
29 16 5 15 8  
27 28 18 2 21  
29 16 5 15 8  
16 6 8 17 15  
15 22 7 28 23  
 
17 6 4 22 16  
9 29 16 24 27  
8 25 23 4 15  
9 4 24 16 29  
25 14 9 22 1  
16 11 17 0 6  
28 17 16 6 4  
27 2 21 23 29  
18 29 9 27 2  
11 15 25 28 7  
16 29 15 9 11  
15 17 11 16 0  
18 29 9 27 2  
1 9 15 4 25  
8 25 23 9 22  
9 28 8 16 6  
23 15 8 9 6  
15 16 9 1 11  
8 25 23 4 15  
12 13 16 19 18  
1 23 3 8 30  
29 16 5 15 8  
1 23 8 3 30  
15 1 23 28 0  
16 29 28 8 6  
27 28 2 21 29  
1 9 15 4 25  
28 18 27 14 25  
9 16 29 3 8  
18 29 9 27 2  
16 9 11 15 6  
29 2 21 27 16  
1 17 28 14 3  
2 22 9 16 17  
8 25 9 22 28  
9 29 16 24 28  
1 25 14 9 2  
9 16 28 29 8  
16 0 17 11 25  
18 14 25 9 23  
27 28 2 21 29  
15 0 1 9 4  
15 11 25 7 4  
8 9 25 22 28  
16 17 11 15 0  
28 17 5 6 16  
27 23 2 21 29  
15 1 9 4 25  
8 25 23 4 15  
0 25 15 1 16  
17 0 1 15 28  
16 2 28 11 8  
27 28 2 21 29  
4 29 9 24 16  
9 28 8 16 29  
29 25 9 22 6  
27 28 2 21 29  
1 17 8 0 4  
16 9 29 25 23  
8 25 4 23 15  
9 22 29 16 2  
28 17 16 6 4  
27 22 25 9 15  
1 25 2 9 27  
16 9 29 4 24  
25 9 22 27 4  
 
16 11 9 17 25  
22 11 9 2 3  
 
8 15 6 1 16  
18 29 9 27 2  
27 9 14 23 18  
27 28 18 2 15  
29 19 16 9 8  
9 16 29 8 24  
9 28 8 16 6  
18 21 27 23 16  
22 9 2 1 28  
18 29 9 27 2  
27 23 2 21 29  
15 1 9 28 0  
1 17 8 0 4  
15 16 0 17 25  
16 0 22 9 7  
12 13 16 19 18  
27 28 2 21 29  
29 16 5 15 25  
16 0 17 11 25  
16 15 29 9 1  
17 1 0 22 9  
15 1 17 9 0  
25 16 29 9 4  
17 1 0 22 25  
29 16 5 15 20  
29 16 5 9 25  
9 29 16 24 28  
16 15 29 9 1  
1 25 14 9 2  
25 1 22 28 6  
1 4 9 25 15  
18 29 27 9 14  
16 29 15 3 8  
27 18 28 2 21  
18 29 9 27 2  
27 2 21 29 14  
9 4 24 16 28  
29 16 5 15 9  
29 9 1 11 25  
25 1 22 28 6  
16 29 5 18 15  
17 1 0 22 9  
25 14 9 2 1  
28 16 4 9 8  
1 9 15 4 25  
9 24 29 16 28  
29 16 5 15 3  
8 22 28 25 15  
1 8 14 16 15  
9 28 8 16 6  
29 16 5 15 8  
1 9 25 4 6  
0 16 17 22 1  
16 15 29 9 1  
22 2 15 16 3  
6 29 25 28 22  
18 9 14 29 23  
29 16 5 15 8  
1 8 22 25 4  
18 9 29 14 23  
9 28 8 16 6  
22 9 16 0 1  
 
27 2 23 21 29  
29 16 5 15 8  
29 16 5 15 8  
1 17 8 0 4  
15 22 7 28 23  
9 4 28 24 20  
29 9 2 18 22  
29 9 25 4 23  
29 6 22 28 18  
18 9 23 14 25  
25 14 9 2 22  
18 29 9 27 2  
9 4 24 16 29  
16 15 25 9 29  
1 15 4 0 25  
27 25 22 9 16  
1 15 4 9 16  
8 25 4 9 22  
15 1 0 17 9  
29 9 16 5 15  
16 0 17 11 15  
28 17 15 6 4  
9 16 24 28 29  
1 0 4 17 28  
9 28 8 16 29  
16 29 9 4 24  
18 29 9 27 2  
25 1 14 9 28  
9 24 16 29 4  
28 17 4 16 6  
29 16 5 9 15  
15 8 22 28 25  
12 13 16 19 18  
1 16 23 8 3  
25 9 22 27 24  
18 29 9 27 2  
29 16 5 15 8  
1 9 25 4 6  
16 2 28 11 8  
15 0 11 16 22  
29 16 15 8 4  
17 1 0 22 9  
16 23 8 28 4  
9 4 24 29 28  
27 28 2 21 29  
18 29 9 27 2  
28 17 16 6 4  
16 0 17 11 15  
1 23 8 3 30  
18 29 9 27 2  
9 28 8 16 6  
27 2 21 29 18  
25 1 22 29 6  
18 9 29 27 2  
29 25 9 22 27  
18 27 29 9 23  
8 9 28 25 4  
29 16 5 15 8  
27 2 23 29 14  
16 29 3 8 9  
1 0 17 28 22  
9 4 24 16 29  
9 16 29 8 28  
22 9 16 11 2  
25 8 22 28 15  
16 15 29 9 1  
28 17 5 15 4  
16 19 15 8 4  
9 4 24 16 29  
28 17 16 6 4  
27 28 2 21 29  
28 17 16 6 5  
29 16 5 9 15  
29 22 8 27 18  
28 17 31 4 6  
 
16 15 11 25 17  
22 16 2 28 29  
1 25 14 9 22  
27 28 18 2 15  
1 15 4 0 25  
 
28 16 4 9 8  
16 2 28 11 8  
27 2 21 29 18  
1 23 8 3 30  
27 23 29 14 21  
 
29 20 15 16 5  
29 25 6 22 23  
27 28 29 16 5  
16 11 17 0 6  
29 16 5 15 8  
18 29 9 27 2  
18 29 9 27 2  
23 25 8 6 4  
 
15 1 16 8 23  
29 16 5 15 8  
1 23 8 3 30  
8 25 15 23 28  
9 4 24 16 28  
18 29 9 27 2  
9 4 24 16 29  
8 25 23 4 6  
18 9 2 29 22  
9 29 16 24 19  
22 9 2 1 3  
9 4 28 20 24  
25 1 14 9 22  
29 16 5 9 15  
8 25 23 4 15  
1 17 0 16 28  
16 19 8 15 18  
16 11 17 0 6  
1 25 2 22 6  
8 16 4 1 28  
1 25 14 9 2  
15 16 0 17 11  
29 16 5 9 15  
9 8 28 25 4  
9 16 1 29 28  
27 28 18 14 25  
18 29 9 27 2  
15 8 22 7 28  
28 9 16 8 4  
