310 846 
588 751 
443 868 
439 51 
396 629 
397 367 
788 201 
273 610 
588 439 
289 419 
535 14 
337 554 
314 612 
906 601 
915 639 
135 601 
136 825 
219 133 
34 546 
397 619 
533 880 
406 781 
667 662 
702 324 
219 182 
848 319 
471 431 
24 137 
406 781 
877 337 
799 640 
277 496 
434 627 
357 132 
708 668 
158 301 
70 277 
378 224 
484 118 
771 426 
5 897 
155 530 
598 501 
319 559 
418 909 
26 251 
0 598 
140 86 
381 760 
852 463 
671 320 
467 132 
111 838 
642 67 
489 23 
191 743 
761 178 
39 515 
868 801 
912 598 
843 151 
34 493 
182 546 
342 825 
485 720 
338 864 
467 605 
749 810 
558 493 
21 382 
726 282 
428 259 
839 782 
4 753 
282 845 
456 671 
781 316 
623 219 
298 754 
794 26 
490 179 
177 824 
114 79 
610 101 
12 883 
368 5 
801 548 
782 756 
180 67 
646 398 
230 848 
484 782 
659 243 
270 753 
191 906 
119 272 
