144 529 409 674 799 
508 125 173 
47 203 84 551 299 910 
301 55 36 249 631 706 778 
45 735 417 260 46 166 458 581 320 278 722 138 424 573 
378 681 77 307 825 46 510 748 315 84 
246 243 477 278 201 313 118 261 5 428 108 151 359 660 
103 699 654 47 582 153 2 277 107 258 121 246 
610 124 222 215 507 493 147 
173 766 265 395 173 398 678 170 249 
527 448 288 234 748 513 27 192 113 
782 26 129 277 174 427 738 334 175 190 
763 365 812 121 261 172 562 
361 2 216 418 379 564 2 387 161 
143 493 610 884 2 481 253 166 588 302 708 664 491 
514 242 354 507 375 399 
153 165 532 443 491 560 287 318 690 32 793 84 217 42 
203 492 266 713 401 880 18 754 
471 794 738 218 504 324 63 501 884 296 155 
13 648 
144 96 515 294 262 460 144 863 720 135 57 
60 417 492 863 42 561 706 112 94 
456 744 582 51 840 132 910 
455 678 374 24 161 889 399 802 83 
44 340 261 181 366 124 212 
48 632 844 780 420 395 308 387 5 
317 203 241 598 793 410 
369 191 32 645 24 409 
394 345 136 806 56 
153 504 875 209 849 713 850 173 
5 39 118 738 479 1 458 140 
745 90 438 136 803 889 115 209 42 238 491 125 
2 789 27 238 51 347 173 678 385 475 302 40 477 713 
410 573 30 25 336 798 328 615 
722 664 400 246 247 501 61 811 548 
515 760 748 130 55 835 385 238 98 
911 139 193 539 632 695 84 884 
693 162 178 768 42 596 261 492 246 254 51 730 673 
673 805 388 180 699 631 520 385 437 38 354 126 52 838 
487 617 173 454 884 
707 61 12 234 222 181 890 513 86 261 
634 748 229 8 165 850 55 17 128 84 258 760 
287 491 141 797 43 603 
60 42 768 804 1 232 480 500 133 502 
477 256 208 33 793 246 358 468 177 
96 44 83 507 120 392 795 178 
448 293 660 502 277 731 446 3 248 797 858 214 691 357 
415 873 767 278 673 471 558 368 738 797 561 853 2 816 
72 701 427 437 271 467 135 654 595 261 697 193 116 437 
639 571 293 281 5 415 369 207 
94 222 200 39 562 139 145 842 
175 275 86 641 191 42 168 665 27 804 712 744 
5 357 508 532 181 655 395 574 475 183 
284 812 56 415 106 503 366 626 42 335 27 501 237 
647 47 218 
121 281 284 491 378 
31 729 39 84 552 812 246 264 258 284 27 
364 39 552 1 80 264 218 582 5 
385 65 140 274 845 243 692 
2 87 118 295 426 675 264 
670 532 284 121 431 277 204 466 304 904 64 
850 162 809 495 245 284 234 
144 168 128 753 246 431 318 3 595 827 354 
193 107 248 897 87 252 305 703 334 450 587 745 42 75 
133 431 515 49 432 692 25 281 369 
409 693 375 492 516 890 270 688 744 61 754 261 850 762 
588 594 83 
254 94 763 24 399 370 497 
399 153 693 2 
533 719 30 238 228 277 178 232 415 216 
207 46 255 117 271 254 
684 480 614 567 730 337 771 261 203 155 0 139 691 
82 23 166 55 
340 8 61 865 231 290 116 403 140 
595 96 876 144 915 481 66 681 23 72 
562 86 427 368 868 275 754 42 811 835 132 562 
319 313 18 143 858 218 421 842 
345 278 596 173 753 738 443 232 
154 471 763 364 149 66 625 66 763 258 108 745 347 507 
853 25 284 615 458 468 137 190 654 
426 492 483 344 808 21 386 206 675 610 
565 238 385 121 305 47 443 255 
643 260 
571 128 366 84 706 462 193 690 415 516 
87 77 
810 271 821 171 510 315 172 369 317 270 
858 514 647 795 398 64 30 468 379 204 558 103 234 665 
185 417 417 231 133 54 229 118 590 858 18 308 39 
313 507 147 374 776 80 45 117 3 
678 221 854 207 132 414 46 117 493 
265 563 309 676 843 
623 827 425 21 64 673 72 884 122 
491 566 207 280 218 63 296 155 800 907 899 
54 35 297 393 
417 471 52 237 617 15 201 229 108 118 432 266 
752 345 41 332 90 521 519 440 45 511 817 273 222 458 
8 432 108 234 425 
144 173 528 705 
316 33 629 470 178 261 803 530 172 593 187 15 
