383 1478 
1 184 
1343 664 
298 990 
686 1963 
1071 674 
609 647 
1199 645 
197 1525 
616 424 
28 213 
123 771 
1234 1208 
541 1254 
1667 356 
1831 1989 
1597 81 
226 108 
1050 323 
1101 121 
1116 1891 
1662 448 
968 961 
161 240 
184 1107 
134 565 
1862 1160 
226 44 
1199 744 
295 744 
1011 1009 
364 857 
1670 1573 
1657 664 
492 1312 
306 1511 
1229 770 
1798 1708 
1081 622 
1657 1468 
1870 777 
1363 369 
158 1069 
390 1160 
555 3 
732 369 
1761 857 
2 554 
1084 774 
1009 62 
506 628 
1990 400 
1868 1474 
1360 128 
965 81 
862 210 
1304 232 
1415 532 
351 554 
1371 1552 
182 1653 
335 1028 
501 1932 
1900 868 
211 402 
1601 955 
995 991 
1055 631 
1092 424 
823 37 
999 285 
545 1769 
197 64 
1604 1506 
1333 106 
814 1848 
688 1937 
981 235 
593 613 
81 1687 
309 1994 
1647 211 
1475 1831 
456 1067 
256 995 
1737 1198 
1625 426 
1954 1787 
8 897 
381 1078 
433 1827 
891 1143 
185 1137 
1081 1747 
496 146 
1153 1364 
1674 1122 
