60 42 94 604 
62 42 888 596 713 
222 679 318 558 
762 491 
720 217 801 631 
527 366 245 209 248 95 
159 786 710 278 98 95 684 
610 477 688 
143 143 96 262 460 
181 317 548 201 476 259 32 
157 647 
571 246 271 269 332 175 
59 138 66 84 
560 139 749 834 
424 793 386 66 687 
462 260 
64 207 138 192 
178 474 288 696 492 209 811 
613 72 
279 900 144 574 745 
193 121 520 771 
703 111 430 103 75 45 18 
370 316 139 
460 548 745 375 177 
793 55 175 379 
45 265 
182 747 45 
461 582 274 
8 829 409 
654 80 250 
24 771 
739 47 481 
216 345 431 846 710 318 830 
686 8 
139 908 
491 742 
705 350 84 0 161 207 154 
25 
260 387 218 838 469 61 514 
710 201 143 561 
267 258 194 771 
83 
748 108 388 174 
90 674 55 846 241 472 347 
33 491 
715 32 502 644 24 
161 151 83 806 896 
880 
42 161 477 
284 
575 126 839 628 334 721 
258 812 320 277 304 
703 103 455 
872 565 260 532 825 
162 173 197 495 104 
701 389 492 393 
52 376 
610 
124 193 647 521 
156 417 883 303 745 642 
214 
358 
40 179 543 172 758 
144 228 135 168 5 275 
260 467 139 103 910 550 469 
316 33 
409 821 293 260 
696 456 5 
36 617 55 811 364 
415 481 562 71 
72 108 714 679 
168 763 181 865 
159 150 427 
425 560 84 
249 178 182 
404 575 456 739 65 481 
546 264 762 
168 468 808 793 
293 821 556 354 42 
121 318 401 336 
432 701 
908 182 261 151 806 
15 492 468 
690 33 840 22 122 387 760 
153 86 442 144 654 140 
908 429 591 106 
284 242 108 
727 550 363 854 515 
838 
340 24 387 520 
609 592 366 483 
165 107 885 440 84 
372 581 427 368 
86 908 194 260 465 
