555 254 697 683 234 25 165 661 
140 258 668 847 848 726 225 408 318 277 
107 437 848 708 695 248 87 294 282 584 364 
499 828 222 906 258 571 207 848 370 425 799 413 
746 513 237 302 61 656 432 423 565 
490 476 203 593 115 673 464 332 42 31 472 
253 342 55 192 80 255 42 719 749 90 412 829 852 739 
816 651 153 358 145 192 756 755 8 747 17 161 
130 17 204 264 850 773 718 656 395 
153 668 313 398 757 278 56 
118 175 520 261 191 535 693 834 261 40 328 
340 144 841 700 3 232 207 894 513 
378 216 824 278 226 492 625 160 
457 258 829 378 708 476 890 242 564 90 
799 691 526 161 278 369 163 137 179 
566 343 520 
64 394 572 421 474 724 210 715 173 673 879 
193 246 255 284 491 711 315 
192 25 141 505 275 387 41 565 66 683 207 
168 614 144 218 
343 2 258 357 
497 275 203 821 843 261 104 294 275 426 623 826 800 173 
62 497 846 31 711 713 
64 236 126 259 
416 229 376 98 332 387 229 54 
237 144 480 430 867 242 117 293 443 93 229 217 
635 174 90 95 791 8 
172 408 117 4 819 260 810 42 218 332 836 584 439 
747 791 589 216 293 
174 749 33 626 862 157 207 
157 345 800 60 449 254 83 
832 466 475 215 389 654 192 776 291 234 
699 132 378 757 174 
69 174 319 13 
221 55 130 
107 501 848 650 761 115 
743 661 154 431 129 490 173 173 51 84 467 
400 580 21 120 216 628 
639 260 357 871 702 430 267 519 810 
162 222 115 566 494 39 108 383 562 337 64 
165 398 207 303 84 388 2 173 173 368 500 95 40 
870 480 541 264 655 484 
40 47 622 177 441 178 267 350 140 414 
568 174 180 466 269 309 116 175 207 793 215 364 
357 2 864 802 267 274 761 819 254 84 857 284 
498 454 482 90 38 237 517 578 
61 423 271 623 135 579 859 5 55 755 
242 115 132 72 429 
372 180 743 386 623 513 387 249 878 
25 344 388 0 344 612 230 628 103 245 
792 576 558 27 64 465 514 663 467 585 507 266 
500 132 680 639 190 782 145 501 902 
84 414 265 394 56 782 253 709 173 161 87 449 718 
182 544 162 341 494 15 71 529 
490 182 49 818 151 152 207 
490 39 140 740 279 694 
39 646 550 573 251 395 367 178 264 161 
238 173 345 253 718 
863 378 563 426 55 569 
454 347 717 165 216 17 173 734 278 883 760 
701 253 103 530 709 454 366 395 
430 651 824 354 669 686 691 
639 260 185 480 559 71 
36 133 293 843 260 656 431 178 797 177 570 
121 631 284 1 84 42 414 5 743 389 
490 680 811 791 51 396 
316 32 791 56 603 779 366 130 482 
687 703 809 232 454 696 372 416 640 
201 687 877 844 
324 883 701 56 357 261 466 412 443 844 
329 887 95 64 236 63 47 275 814 344 224 721 
735 683 715 243 367 258 636 
428 36 294 1 46 408 33 234 328 117 455 65 564 492 
21 883 439 261 859 644 755 668 
144 878 435 155 715 700 882 884 214 6 
224 130 234 181 178 463 36 145 620 207 
15 231 476 151 800 810 8 84 271 860 1 513 
255 715 430 824 90 225 354 260 
874 18 755 879 819 5 84 879 710 
287 498 369 457 607 43 173 
726 6 63 468 392 293 606 103 42 499 
147 708 140 650 595 
568 279 427 663 819 419 126 612 470 
837 330 159 222 557 661 426 688 
178 
430 859 708 144 68 669 446 691 180 8 
108 683 385 66 720 682 580 694 899 
344 178 1 767 491 708 366 214 116 
668 769 246 577 261 168 358 730 1 215 
61 698 218 161 250 762 
791 84 636 49 782 175 253 709 151 
761 84 243 375 216 732 713 258 148 304 708 847 
393 757 18 80 207 800 646 468 71 147 507 336 733 
631 494 858 13 31 906 1 
670 898 476 128 332 180 71 396 682 498 270 
118 548 505 107 535 755 
278 41 536 355 590 25 277 370 862 
265 589 144 144 815 161 270 579 718 593 
336 264 7 789 420 95 144 715 
494 3 393 345 57 800 83 592 
