575 666 145 638 551 895 55 838 
83 129 2 780 560 174 334 333 412 605 425 
744 138 352 305 449 692 751 555 245 80 698 117 118 378 
121 702 437 248 291 172 425 87 594 586 
40 747 883 490 493 173 388 
494 193 821 841 628 57 121 305 719 261 723 352 854 741 
708 222 32 689 2 628 747 191 200 334 723 
60 260 42 468 903 350 363 412 
378 51 191 48 646 386 883 780 302 208 144 
24 133 49 260 431 155 5 3 
378 242 293 490 138 260 747 668 207 468 344 903 
100 209 39 473 617 806 125 
691 632 260 
778 343 759 419 659 394 302 2 94 
542 279 242 163 515 582 
261 242 188 522 304 705 566 
15 414 831 173 501 140 153 39 791 795 173 151 
178 672 473 630 15 209 539 414 
698 369 207 80 625 
96 490 669 429 394 66 483 
271 726 95 815 790 346 
175 301 24 506 260 830 689 172 151 666 707 501 55 139 
55 502 270 140 277 737 
376 170 376 639 387 744 387 181 664 395 140 386 33 448 
366 308 503 47 271 419 243 737 200 589 49 544 234 857 
707 107 8 852 196 139 103 232 2 401 218 753 
84 476 766 426 813 224 
706 364 260 108 834 38 736 593 
430 828 354 166 222 15 871 331 
108 913 455 84 154 332 387 634 84 193 
887 712 3 20 57 490 95 886 22 401 752 315 343 
831 260 706 747 854 374 659 344 903 
140 130 618 313 427 862 795 
173 751 354 467 192 21 582 180 1 453 234 
557 95 379 83 379 490 138 818 155 841 609 
388 230 461 872 132 179 294 328 536 260 17 
343 632 271 56 758 803 560 72 664 
147 343 96 128 242 41 366 759 357 515 649 
389 698 369 217 
451 182 394 446 120 302 12 177 474 588 
856 388 730 573 561 216 414 890 803 84 264 640 
15 33 25 913 838 27 193 2 368 284 872 253 666 173 
43 560 759 613 525 691 683 3 336 
465 561 168 467 712 691 
174 2 476 262 814 356 529 
490 594 253 836 762 173 32 94 39 36 177 20 833 476 
207 744 279 698 42 71 114 317 118 353 553 414 
188 749 192 522 730 591 437 466 333 784 414 705 
130 196 375 215 806 702 672 128 84 173 396 571 528 416 
852 874 342 491 884 534 2 2 466 669 416 
867 500 258 335 539 45 491 278 177 669 831 17 275 66 
364 344 386 847 180 
431 46 470 847 642 460 580 55 
457 560 265 441 207 594 395 394 613 903 54 57 
750 332 344 684 455 140 178 
218 705 491 430 103 201 84 622 291 366 84 135 
81 905 358 628 334 723 175 868 479 431 741 
367 121 140 476 318 647 532 277 156 
39 264 804 228 286 555 
555 592 58 465 25 
65 15 133 482 157 287 265 49 61 394 173 431 
279 183 182 742 218 775 258 27 242 443 612 
291 363 77 543 302 241 80 882 461 844 42 
170 744 370 344 774 238 335 431 616 39 
175 261 21 172 147 712 
492 691 429 291 439 425 261 
609 242 103 795 414 706 265 394 545 
386 841 141 645 66 60 888 42 354 
173 258 15 51 42 581 61 166 689 
463 5 172 95 264 379 155 467 178 66 609 890 
466 348 761 234 639 278 2 646 364 2 103 543 57 
26 180 491 242 633 466 334 137 116 557 369 246 744 
278 539 1 702 224 140 271 33 841 173 886 555 
194 40 323 
238 831 313 654 747 335 814 562 757 778 431 43 614 106 
192 41 221 108 692 794 836 589 
374 792 529 45 490 63 452 296 354 647 155 
570 173 194 341 795 386 39 646 676 
386 72 675 25 501 
182 49 883 151 152 899 
130 456 261 97 90 115 95 612 303 454 734 747 812 730 
743 565 744 8 692 743 118 
614 712 232 145 403 557 145 
285 145 24 594 291 222 827 25 0 41 
725 238 397 654 154 814 191 614 474 
480 436 882 878 117 632 783 174 887 303 258 278 
318 522 66 426 684 237 563 1 61 750 559 261 
288 882 490 138 80 238 55 125 274 605 244 254 
368 312 876 117 628 0 394 
691 187 525 255 
378 609 144 2 118 759 45 534 55 27 572 97 
395 861 631 264 21 479 137 
430 22 674 38 
5 765 3 161 125 357 517 483 736 
414 416 560 3 56 222 750 475 861 394 177 813 
622 321 15 647 887 712 522 705 128 
425 761 144 852 315 132 378 684 67 
76 437 248 46 244 216 594 107 223 586 618 287 
264 777 691 260 144 255 64 895 99 591 454 103 
203 370 631 27 140 128 759 490 536 254 84 173 253 
