537 198 167 738 1839 67 883 
98 1623 
110 789 
1954 430 323 1460 
872 474 480 693 130 1656 1821 
926 
1987 
1433 
1895 
1516 
944 76 1585 
1293 348 
278 2238 1598 393 964 111 
599 582 1450 542 11 168 
1866 2119 
298 2236 1785 270 25 
515 726 704 398 14 
1430 36 1934 1314 70 726 
588 1159 213 2065 816 345 1159 
2148 2107 948 134 41 
1657 2100 63 811 549 881 
726 1494 514 1761 1013 
198 1814 915 
932 538 815 
1495 
537 2005 2001 1366 681 953 332 
2186 
656 983 100 1253 11 150 1437 
238 1081 0 1532 661 548 
923 1391 606 544 1356 1787 948 
998 443 1046 627 1067 1250 
1785 181 18 
309 113 2252 298 615 149 662 
2227 525 669 1509 
1470 1266 742 
1890 169 
2145 76 509 2112 417 1398 948 
1600 738 1367 
606 1438 2185 1375 1984 1123 1284 
2016 2161 1939 28 627 649 1209 
162 1576 336 1003 
1598 1895 
615 1532 1261 
581 1611 1123 917 1096 504 
762 50 
611 1830 
2191 1611 298 
1771 642 842 752 536 713 2304 
436 975 1773 1357 1191 1932 1855 
1009 1043 2136 358 2191 
737 2049 2169 
54 
2241 941 1986 1855 1312 2195 2295 
1342 1871 1878 270 1046 2295 574 
1117 708 733 1023 502 737 1057 
801 1469 208 869 
1494 654 
20 
167 
919 1462 1026 
154 
804 1891 669 2301 1910 277 2218 
2240 440 46 
1075 1371 
762 1656 1461 
1895 2242 1165 508 1760 
1866 
915 2029 499 1914 998 1261 
621 1075 824 
1252 2212 
354 2274 
1391 1208 
1710 
1778 1289 498 2212 5 1660 1447 
1937 1717 
588 153 1675 1393 
598 2274 607 
1764 1147 694 
1330 1552 34 884 
1010 443 948 98 
1732 1860 981 404 1756 656 
2 2104 354 354 1027 
2125 1163 
588 1029 2047 1399 2083 215 436 
2110 716 1405 
71 655 
643 923 1443 
1871 348 867 653 
615 942 132 1899 
814 1308 1461 1650 1860 
413 1279 723 944 1516 2152 
649 1046 1256 
944 1658 230 420 948 1340 114 
1996 1266 1617 884 1860 
497 143 1953 1280 112 1769 767 
1720 536 1710 
1855 1949 913 
