380 1 842 
850 686 450 
15 559 89 
204 120 324 
176 789 150 2 
714 247 57 386 
274 
60 42 93 601 
564 6 
277 152 55 
120 40 203 64 
631 102 327 715 
759 
287 246 427 264 
558 127 
300 
686 875 
592 165 
428 290 
330 475 223 687 
31 615 221 
536 573 607 42 
117 3 
535 485 460 
797 541 663 26 
571 21 
607 
698 
339 74 746 393 
669 
283 558 127 
215 558 835 870 
845 868 308 47 
383 277 558 
898 
686 703 312 140 
579 842 756 5 
703 190 144 467 
252 530 
233 
286 756 
139 898 681 344 
797 208 64 
436 167 308 140 
25 789 260 
129 150 509 
245 
163 768 570 244 
402 572 
686 533 206 
716 145 691 31 
790 
128 0 
561 
644 
171 
585 82 
3 241 
585 
377 214 489 
61 167 184 
64 235 
371 
135 542 114 190 
491 31 
463 200 
165 592 420 733 
31 161 
64 206 137 
342 629 42 
560 71 671 835 
263 128 354 822 
95 499 
707 293 555 15 
179 568 
114 544 463 489 
95 499 23 
127 707 607 
55 329 
499 566 
611 202 154 
430 270 
360 532 562 579 
228 24 628 
460 259 17 860 
861 537 5 274 
