207 151 207 
839 12 147 
368 179 357 194 
324 47 238 668 
745 293 207 900 
726 369 615 135 
281 204 521 649 
203 
521 51 113 33 
854 38 396 27 
410 334 207 
358 71 528 132 
617 154 475 369 
618 771 260 509 
139 539 688 
583 84 515 501 
145 469 788 140 
287 273 368 260 
46 117 27 250 
107 415 54 808 
15 872 471 340 
117 393 366 385 
717 884 900 435 
404 469 319 900 
399 759 
876 18 686 
802 561 793 8 
596 132 595 537 
133 49 432 689 
613 764 193 261 
793 43 603 742 
672 688 693 793 
132 
324 638 468 531 
507 192 869 133 
84 33 177 556 
325 22 623 
509 197 556 39 
516 793 261 619 
301 417 751 854 
859 168 271 
380 42 623 487 
284 664 717 464 
813 42 15 
168 113 733 
626 477 821 582 
238 81 713 395 
573 5 318 216 
792 397 
745 631 49 688 
54 77 558 
125 689 880 229 
225 537 501 441 
99 461 503 278 
242 208 252 265 
277 705 
31 618 222 175 
117 
178 378 745 467 
291 696 832 426 
61 203 846 899 
23 705 801 445 
492 261 20 696 
166 
154 388 544 801 
519 89 357 302 
429 
710 277 249 818 
68 72 
357 592 508 805 
388 223 626 
194 481 341 71 
626 53 767 904 
130 118 36 501 
22 261 672 399 
260 431 264 27 
528 426 121 846 
216 41 124 450 
8 582 852 60 
492 767 812 107 
201 173 502 145 
885 386 481 130 
414 234 
803 685 55 242 
424 507 27 909 
793 
76 238 207 8 
696 173 509 64 
514 39 207 207 
217 491 106 
36 173 682 13 
610 95 258 275 
432 730 361 745 
537 885 727 208 
443 558 828 301 
610 222 390 794 
529 423 241 237 
355 344 203 854 
