290 47 261 
748 476 368 
847 558 2 
441 87 884 
95 449 55 
476 499 724 
454 175 316 
196 118 147 
55 10 234 
640 215 740 
683 287 705 
347 336 708 
25 410 570 
819 455 25 
384 425 116 
55 377 470 
56 697 344 
265 572 234 
62 153 475 
174 22 345 
285 890 264 
619 132 172 
313 695 852 
366 832 2 
72 6 564 
558 59 398 
740 651 77 
152 810 246 
304 512 376 
214 425 193 
296 83 699 
369 395 237 
446 207 342 
378 668 57 
197 71 197 
42 94 427 
787 357 278 
83 745 384 
222 492 106 
558 263 788 
84 42 265 
147 496 62 
82 808 698 
261 172 234 
151 375 308 
271 94 565 
2 699 395 
806 320 0 
859 354 312 
21 767 21 
108 625 799 
287 173 688 
370 241 402 
505 874 491 
145 156 284 
568 330 291 
463 207 806 
826 610 145 
242 879 3 
358 216 12 
492 132 843 
270 33 284 
395 179 476 
264 414 118 
810 154 414 
872 145 143 
84 530 382 
84 558 711 
401 531 152 
898 398 128 
363 8 597 
345 64 335 
77 242 222 
848 693 121 
733 275 698 
572 651 890 
354 76 688 
607 145 454 
161 244 438 
43 810 108 
127 414 699 
95 830 793 
441 737 301 
345 18 308 
335 42 628 
26 174 121 
5 55 878 
324 177 356 
746 270 279 
501 676 234 
90 246 287 
284 414 320 
15 170 452 
685 687 21 
408 328 291 
622 687 543 
508 811 550 
898 558 666 
151 419 600 
