537 242 639 
416 238 566 
708 71 684 
242 315 117 
230 328 287 
612 9 696 
454 192 253 
856 246 238 
298 246 874 
759 222 398 
278 642 84 
666 18 553 
699 71 466 
631 161 702 
253 4 87 
94 507 27 
716 759 193 
178 715 144 
431 333 696 
591 890 813 
421 98 6 
115 345 414 
490 609 687 
130 247 39 
431 303 7 
13 536 223 
5 879 62 
394 5 168 
717 700 135 
151 814 476 
242 174 394 
39 57 522 
806 669 852 
631 378 851 
804 387 455 
634 39 5 
836 279 549 
84 232 207 
354 192 170 
177 62 358 
749 717 856 
15 317 254 
556 125 140 
42 847 586 
2 560 856 
61 878 589 
687 287 61 
66 903 190 
841 490 237 
476 500 232 
236 260 128 
75 43 12 
343 771 500 
863 59 655 
623 689 432 
207 193 734 
409 124 561 
841 753 140 
675 841 812 
196 287 465 
208 5 866 
550 790 277 
855 378 591 
208 300 719 
291 563 699 
501 631 165 
492 820 863 
901 876 103 
225 414 492 
843 243 273 
354 246 663 
876 585 182 
752 725 343 
838 806 83 
343 798 814 
686 60 547 
425 759 595 
115 25 174 
180 56 165 
180 253 84 
725 144 238 
468 773 857 
759 27 151 
254 408 240 
192 135 861 
646 446 302 
261 201 573 
499 132 501 
469 663 509 
609 848 860 
301 419 817 
402 690 882 
500 309 494 
42 758 560 
56 242 376 
14 174 816 
796 786 773 
179 265 170 
334 412 841 
446 139 475 
