486 671 473 332 
44 433 41 129 
161 332 475 135 
42 692 281 353 
153 300 145 403 
211 674 193 800 
14 484 120 681 
349 423 588 448 
700 430 279 547 
599 595 544 627 
247 5 616 227 
395 385 497 223 
406 793 381 351 
279 331 331 447 
613 65 5 322 
682 80 357 453 
38 184 670 682 
794 501 275 102 
620 138 578 304 
574 41 372 197 
378 351 186 50 
528 468 808 186 
619 198 673 51 
322 824 321 243 
1 378 5 793 
149 532 588 528 
175 660 166 483 
170 175 649 574 
254 273 413 645 
775 274 684 192 
94 3 70 209 
762 77 700 553 
48 22 542 785 
239 484 594 14 
494 418 575 14 
703 800 113 289 
435 20 166 389 
144 65 566 170 
829 148 129 26 
225 291 453 3 
63 754 659 231 
31 231 138 122 
121 353 230 389 
365 475 517 840 
20 834 602 151 
171 70 376 184 
267 159 64 26 
604 31 37 103 
185 159 112 171 
63 437 54 44 
354 210 26 507 
718 85 417 588 
371 129 660 795 
264 562 596 815 
274 280 207 318 
264 409 234 484 
200 475 284 553 
138 23 269 62 
113 443 121 574 
46 710 80 226 
63 41 522 389 
512 571 810 385 
161 130 784 736 
725 316 303 769 
477 250 807 42 
661 170 112 9 
81 345 482 113 
45 671 297 136 
211 569 79 113 
243 24 791 266 
607 351 562 670 
324 133 351 390 
8 249 762 553 
279 172 354 130 
396 477 452 353 
510 696 259 24 
641 80 227 851 
168 456 418 412 
571 182 171 54 
542 209 542 837 
412 267 686 703 
223 548 24 424 
263 802 607 99 
497 63 260 710 
188 67 187 509 
199 696 203 77 
377 514 501 129 
41 296 492 231 
193 800 551 776 
0 33 560 198 
113 119 561 16 
130 461 805 406 
211 679 193 762 
319 249 740 244 
156 391 238 601 
256 514 554 167 
165 209 799 567 
170 260 403 14 
666 198 479 100 
673 283 175 372 
