1162 1160 709 98 502 1053 106 
710 
1049 542 65 710 181 1055 24 
1210 342 21 
565 927 131 401 305 556 
457 869 554 1005 
72 531 1063 157 
851 1001 555 676 535 
907 316 204 
114 205 1199 
541 866 50 493 652 1106 
549 522 417 1206 503 275 
1194 138 620 453 251 832 107 
42 271 116 483 
758 941 412 284 467 651 1028 
906 605 379 671 630 765 
906 748 225 304 1201 925 543 
1060 653 832 
709 56 999 203 883 989 
594 907 
183 504 44 310 851 288 678 
1013 603 171 415 197 15 
927 652 575 758 
460 565 761 1054 
14 90 
912 
337 454 
954 782 102 
542 588 307 906 
79 
130 176 
1095 756 1214 
203 1081 832 282 
1062 867 1091 223 77 699 
232 460 
329 1072 
868 629 358 881 
866 957 654 480 509 
719 863 753 42 207 78 1158 
207 565 733 248 1075 607 786 
684 699 890 1035 1184 720 963 
207 866 
621 
851 102 1063 
727 398 432 114 291 
894 676 398 46 915 
174 
804 1127 1170 
20 321 315 1117 1 285 1037 
712 44 456 
475 1125 311 293 620 
1058 252 725 778 594 
707 282 693 368 101 607 
942 15 1003 1194 
1128 582 609 
793 348 489 
489 404 397 909 638 382 460 
84 139 614 728 
684 729 227 556 
288 1049 1156 437 
351 1144 735 5 205 
929 70 
562 621 575 1020 265 
1219 1138 1155 1179 1190 
866 798 659 
456 221 277 
1092 124 258 311 35 1090 
706 1096 1060 991 1080 134 501 
487 159 481 815 445 1170 882 
1230 497 998 311 692 1193 
696 883 511 154 1240 
65 308 851 934 967 153 
1 246 1012 241 
437 415 361 152 565 140 385 
505 934 92 1057 651 151 1046 
446 919 241 89 958 607 114 
556 1026 594 
793 749 114 596 413 1247 150 
1248 1126 46 
412 560 601 520 1240 875 1177 
1088 554 652 698 
1037 164 845 353 975 285 
539 401 678 
65 207 481 244 1216 
246 744 307 5 730 
670 961 1106 515 149 713 1083 
927 594 35 1250 912 1171 1201 
629 477 
183 1167 269 288 
606 114 37 973 
511 416 505 934 1093 151 
185 1214 970 752 35 
383 968 802 1137 504 741 
1109 453 705 518 492 433 991 
