320 490 638 
469 8 725 
581 553 334 
147 708 431 
490 75 795 
108 901 285 
894 741 408 
501 551 192 
734 324 856 
659 217 238 
881 466 217 
639 519 812 
84 454 215 
111 47 178 
83 285 870 
703 887 490 
33 416 301 
589 501 173 
58 570 840 
736 402 36 
260 125 467 
794 866 852 
827 49 26 
221 526 836 
378 277 379 
612 271 344 
812 623 246 
331 278 6 
595 133 108 
39 214 690 
115 2 302 
551 463 573 
408 194 847 
375 394 55 
47 725 454 
267 368 393 
378 42 722 
654 561 618 
249 490 152 
287 222 273 
699 203 401 
831 153 490 
737 831 666 
261 672 675 
601 45 719 
866 49 698 
334 39 96 
492 447 140 
242 639 401 
147 162 180 
911 669 42 
714 162 686 
180 355 376 
500 173 402 
705 687 52 
500 446 182 
56 408 153 
152 95 717 
27 856 249 
47 151 560 
753 402 691 
340 478 612 
232 783 195 
317 80 734 
438 42 527 
431 848 385 
137 383 848 
202 296 64 
622 494 688 
77 883 135 
557 598 20 
161 168 83 
355 208 438 
747 632 190 
759 384 84 
275 249 56 
719 856 66 
761 882 431 
646 567 132 
302 401 344 
176 823 659 
553 582 25 
882 874 83 
260 97 372 
536 384 84 
560 490 759 
98 258 750 
843 84 390 
5 168 8 
454 890 736 
609 377 494 
691 814 8 
481 660 526 
291 425 135 
173 833 612 
236 260 61 
176 429 25 
724 17 254 
736 744 691 
130 492 194 
