357 718 194 17 343 33 51 647 581 249 261 390 749 812 
234 899 360 462 42 719 217 302 216 480 96 242 168 
357 488 747 733 106 772 31 565 203 87 
491 792 667 151 64 202 180 
669 565 812 558 454 42 777 559 535 318 
499 39 42 15 572 126 652 607 695 161 
14 313 31 
366 350 39 499 287 25 
800 907 58 367 192 124 
129 174 181 121 469 334 12 899 597 425 
42 55 781 790 138 879 49 686 254 863 849 560 238 623 
620 264 128 792 
370 401 27 217 510 45 593 15 103 135 747 119 
386 165 249 853 711 637 537 708 
792 311 734 525 519 77 137 106 674 811 42 367 700 518 
367 174 811 454 746 645 398 90 542 60 562 733 45 161 
437 366 96 347 209 492 213 775 72 334 501 
329 777 664 63 357 783 246 201 833 
203 24 162 408 205 33 607 713 4 685 
41 630 899 464 568 397 430 71 384 705 603 83 15 357 
473 96 629 458 52 552 336 274 144 
25 790 93 46 396 55 868 674 300 620 254 572 178 
21 60 42 505 709 27 94 318 178 498 500 45 130 147 
466 702 562 523 384 8 669 
113 18 490 907 58 192 895 864 154 21 
520 571 65 480 246 454 194 907 216 
401 181 792 858 623 402 879 449 
343 466 271 759 24 287 606 512 398 651 
754 90 275 683 
128 15 558 84 771 245 80 513 130 705 
64 
704 8 196 336 197 
20 207 132 350 140 733 864 438 762 
117 207 84 54 783 2 710 
465 817 382 552 139 21 2 145 356 277 
109 107 494 499 576 173 756 161 711 162 170 112 
855 207 151 207 202 279 246 794 208 
677 83 333 454 674 
490 722 193 363 209 265 884 394 671 688 150 238 
761 170 579 47 51 115 354 61 497 249 258 904 32 202 
499 775 117 163 431 783 68 466 492 784 521 756 607 222 
100 36 261 803 
324 667 103 129 592 431 261 
279 838 398 859 35 164 
572 300 126 128 461 306 686 607 
168 800 162 300 232 650 203 318 863 
168 144 807 64 802 145 792 
632 182 178 162 389 55 300 1 414 494 702 71 271 
197 622 177 278 350 1 756 543 178 408 341 
684 466 366 94 124 688 354 150 851 2 15 130 583 499 
17 291 685 530 698 503 39 119 332 281 72 
161 293 476 269 151 401 45 284 393 
118 59 490 3 165 25 
828 741 607 756 55 103 830 344 
293 677 46 674 714 
887 178 369 693 377 451 55 12 300 853 271 607 784 64 
238 130 473 499 756 426 309 836 709 261 
756 348 544 386 778 490 278 364 177 279 899 344 
350 879 430 175 469 789 192 868 430 25 420 
685 115 662 324 30 12 558 54 344 7 
801 695 161 328 80 805 555 259 895 683 0 419 546 
179 807 144 880 703 168 318 422 140 702 792 651 
203 386 266 709 322 138 378 801 230 
541 871 278 364 178 652 354 
880 386 264 647 770 180 711 
109 487 45 22 17 880 280 386 145 640 440 499 216 
885 200 154 840 756 843 318 419 179 689 421 838 
683 702 286 301 770 603 863 333 46 182 431 
255 179 168 117 295 689 535 54 242 756 260 
25 612 77 261 868 507 844 300 178 
880 658 20 828 416 218 812 734 560 191 258 
207 151 791 873 357 107 489 7 293 513 
372 162 192 63 180 744 155 268 777 207 
849 871 879 474 273 128 395 2 
367 508 704 816 42 
20 241 344 359 378 336 177 151 2 728 
168 103 57 899 592 326 42 246 899 326 13 290 224 206 
413 151 97 652 632 811 106 513 416 652 645 54 
465 215 350 156 303 651 47 744 
500 645 668 311 238 202 47 364 879 
354 768 271 25 419 884 
278 292 449 466 253 313 873 667 83 
7 725 1 144 871 51 214 838 731 480 
670 758 647 499 361 460 133 314 538 177 255 498 684 344 
66 178 729 221 629 202 12 838 491 300 182 271 
426 207 449 735 243 
492 727 308 173 291 425 431 
376 852 387 361 5 733 414 121 128 207 343 
192 18 80 61 468 71 490 750 60 853 261 39 132 
221 302 128 192 482 168 2 84 366 166 115 436 
90 47 8 512 319 741 487 247 509 899 63 54 54 
403 5 313 606 64 478 758 572 416 455 871 
851 695 336 21 476 726 704 8 130 379 363 
764 451 182 174 394 140 501 271 422 191 344 
207 789 436 218 476 63 137 647 429 155 268 
585 284 400 4 647 677 
63 207 664 838 90 392 692 41 
238 182 15 811 780 598 449 20 494 689 619 
467 388 519 607 392 41 664 8 475 499 
