1160 255 147 
1873 1839 
447 304 1036 1622 143 197 
1167 
19 
1495 1891 
1196 705 1337 771 371 
174 1454 1947 407 
304 1226 1422 
1440 
1367 853 225 1746 665 
1805 1086 1485 
102 89 167 1154 1398 156 1368 
580 223 323 
1275 1193 505 391 784 
1475 990 
1399 1249 1102 332 
138 
1236 1327 1484 527 
1904 1795 81 214 1049 1469 
676 1740 1495 
1312 96 1139 1740 66 194 23 
1123 616 1004 881 
891 1173 1151 
1907 1969 2000 
248 1009 
173 517 447 
1271 1630 660 
472 94 797 614 1385 
1875 1635 1422 625 1682 749 1105 
1056 1351 
313 879 955 106 79 908 79 
472 49 1396 
160 808 447 631 1080 486 781 
1546 274 173 23 2 
140 1739 
251 570 119 64 1091 
1157 735 1688 1948 563 1363 840 
1572 369 1380 1312 625 1189 428 
1258 1624 978 1848 1238 150 625 
445 405 244 96 448 1925 1454 
1734 1049 244 
697 698 413 637 1937 
407 1436 318 1790 1220 1834 227 
11 140 510 95 1677 744 797 
834 246 
1123 19 1820 216 461 
129 49 1539 16 
596 1664 677 1554 246 
372 1430 37 551 775 1523 
676 1074 243 311 1290 1671 582 
161 1687 223 1322 161 1777 829 
1327 743 1373 
814 
2001 142 1717 430 357 1191 1248 
223 
364 545 841 603 1482 315 
955 205 48 53 448 
703 707 745 1036 
1919 1071 472 1311 172 1899 1302 
403 1714 
1016 1225 247 1677 266 
1839 618 1672 387 1365 1938 340 
964 1841 376 386 
702 796 1196 1375 8 
513 1404 970 173 
1368 199 40 697 
18 1658 1102 2 
374 1054 1509 1815 532 
1004 1834 
1671 1214 
364 
1097 335 1777 648 
130 1895 844 1081 
1677 809 1305 438 
1030 77 865 1477 1099 
613 1784 1956 1307 579 324 
41 1105 338 
1699 1151 
1613 1359 745 1664 1457 68 1601 
904 1452 1663 
553 368 796 1702 631 
1949 1832 
268 246 1904 1111 1462 532 
98 884 455 158 456 
435 1416 
300 1676 211 995 1065 1461 
923 415 1760 1695 136 194 874 
1375 173 183 64 
1587 427 320 939 400 1078 309 
1881 231 697 45 1457 2 
1771 629 
1308 1198 1706 85 1408 439 1677 
1378 232 1811 24 
966 769 990 107 1769 177 
78 1160 
161 545 1009 833 1676 1191 
