2053 28 
2059 318 
1966 708 
1838 957 
463 1505 
1023 1430 
1440 1762 
664 48 
349 71 
1280 1844 
1742 117 
1018 747 
19 1928 
393 1684 
1097 1623 
1931 91 
997 2001 
100 881 
1145 1596 
1461 1269 
39 998 
1492 119 
2061 1661 
257 358 
1363 1130 
555 2086 
436 1951 
1082 1982 
158 1009 
358 347 
2225 834 
730 1954 
1978 1826 
964 780 
451 1056 
1240 1056 
1275 1799 
1839 2053 
600 635 
2 394 
1511 46 
1453 1242 
798 1039 
2128 1801 
984 181 
185 2063 
1417 471 
1225 43 
1253 629 
543 1205 
1585 202 
3 649 
150 629 
194 871 
443 1095 
2237 16 
291 389 
649 1256 
443 948 
914 179 
768 666 
463 1521 
1749 1816 
872 1259 
1714 71 
153 1248 
1840 1272 
1414 602 
1174 863 
1461 1661 
590 2170 
1903 767 
1605 867 
1835 2183 
1414 992 
436 2007 
1842 289 
998 1593 
926 1826 
822 1341 
2013 343 
666 807 
190 1359 
1880 915 
1180 1095 
223 1336 
15 898 
1734 1963 
1 156 
944 1498 
1006 258 
247 446 
1055 325 
592 926 
39 1978 
44 1064 
309 1760 
