438 322 527 
51 219 258 
562 289 790 
471 825 330 
102 609 284 
851 42 273 
25 589 55 
838 220 516 
43 88 425 
152 251 178 
240 866 272 
171 220 424 
588 26 374 
655 502 125 
653 176 620 
699 86 674 
388 129 252 
376 121 677 
232 55 232 
515 585 378 
177 217 178 
632 258 207 
437 24 863 
202 311 771 
93 653 519 
42 277 181 
235 737 132 
108 334 831 
94 603 171 
256 560 268 
339 794 207 
496 339 431 
94 850 708 
865 832 215 
690 558 83 
132 588 364 
799 734 810 
384 614 41 
686 95 410 
136 247 660 
866 0 6 
383 477 55 
488 206 
222 304 66 
83 5 678 
152 138 710 
289 486 184 
815 499 120 
433 352 178 
244 782 562 
74 823 390 
326 793 38 
230 240 64 
588 173 836 
580 655 180 
477 820 231 
771 244 493 
823 207 540 
252 603 139 
38 813 644 
179 8 176 
356 738 192 
788 824 275 
206 176 173 
256 591 80 
402 191 43 
532 829 599 
178 107 838 
190 446 649 
322 42 581 
206 655 803 
71 275 722 
259 808 410 
858 808 588 
734 429 423 
623 825 623 
591 820 165 
191 399 172 
837 33 472 
671 693 63 
160 0 392 
611 816 470 
258 165 786 
143 137 366 
488 736 205 
705 256 541 
60 414 60 
894 232 555 
93 603 647 
816 532 151 
835 2 645 
27 38 289 
603 105 180 
465 390 496 
658 641 755 
674 478 165 
205 339 94 
779 825 129 
332 373 266 
150 754 215 
