316 112 454 
477 897 415 
567 130 543 
502 94 45 
595 13 491 
130 2 66 
399 832 811 
878 188 350 
648 405 166 
241 278 403 
121 561 7 
242 455 190 
469 713 905 
363 175 654 
785 344 500 
157 416 675 
259 108 366 
409 799 417 
753 379 315 
350 344 65 
60 260 436 
135 430 595 
487 777 701 
573 145 270 
259 797 425 
468 97 706 
415 595 293 
340 851 258 
477 238 750 
492 236 761 
90 832 21 
632 63 143 
246 25 497 
84 533 228 
172 422 508 
125 545 836 
71 850 878 
261 909 387 
193 447 72 
344 357 794 
291 333 507 
537 754 392 
124 689 333 
716 253 104 
55 234 843 
690 111 402 
723 690 432 
516 572 56 
892 692 520 
108 495 561 
771 249 501 
464 336 568 
639 562 215 
445 493 117 
71 897 415 
278 415 115 
90 277 24 
610 90 175 
121 545 336 
487 631 244 
178 334 301 
97 884 554 
501 760 261 
253 833 66 
261 2 165 
64 474 782 
379 426 853 
374 815 647 
805 433 145 
125 204 331 
5 456 90 
678 75 868 
63 181 850 
280 173 144 
484 737 344 
55 876 815 
64 298 632 
693 840 603 
244 5 402 
481 55 1 
468 354 432 
797 552 423 
735 300 610 
154 178 794 
117 538 857 
469 797 648 
468 275 218 
335 811 38 
702 287 865 
218 842 745 
174 502 402 
222 1 415 
467 643 430 
24 6 26 
422 95 2 
905 177 76 
822 185 245 
173 469 151 
527 153 832 
83 507 716 
