917 33 
799 449 
250 1096 
370 107 
980 995 
1347 211 
1426 330 
1201 1508 
1283 1534 
467 414 
225 1169 
440 1189 
1004 719 
992 1650 
972 1279 
190 307 
709 1582 
591 12 
1291 226 
1547 551 
689 3 
459 868 
637 657 
868 654 
1383 747 
1354 274 
806 50 
1251 139 
8 252 
893 670 
1301 720 
860 38 
632 796 
1564 1618 
699 1104 
844 174 
46 746 
214 1091 
135 1585 
931 985 
1095 1301 
1109 246 
113 445 
1547 406 
427 1576 
1499 1059 
1326 1189 
719 1147 
459 364 
1522 765 
1221 76 
1170 1622 
360 206 
677 1196 
516 630 
316 483 
878 881 
1061 385 
240 70 
1059 1516 
422 1364 
724 728 
329 1317 
252 647 
547 2 
368 1442 
860 516 
1614 799 
1223 1328 
457 745 
175 267 
1677 240 
1156 887 
630 411 
529 162 
589 1104 
445 433 
49 134 
725 1070 
584 1534 
1096 1668 
405 759 
1297 728 
539 1105 
840 1258 
802 185 
1442 1072 
12 657 
647 323 
870 499 
652 14 
931 1639 
1461 8 
1676 139 
128 134 
274 385 
