270 467 347 218 
501 734 290 776 
425 237 531 260 
341 830 622 301 
811 821 424 659 
72 849 7 207 
431 631 84 76 
465 424 580 386 
814 124 2 476 
168 631 817 759 
232 363 180 8 
201 421 261 718 
708 622 64 527 
436 33 161 224 
866 350 378 425 
275 38 77 135 
282 140 220 907 
264 254 318 324 
145 874 238 373 
130 151 5 542 
560 705 276 841 
64 0 862 21 
557 94 33 890 
856 72 402 366 
128 334 54 677 
631 2 441 25 
25 192 708 230 
248 274 175 810 
705 368 795 368 
813 218 502 715 
153 452 866 2 
827 834 814 470 
672 394 165 698 
117 431 491 47 
315 601 806 625 
708 278 250 377 
692 27 47 394 
639 692 422 64 
260 94 414 416 
715 639 498 27 
828 437 173 715 
506 717 15 236 
470 178 25 336 
712 871 133 878 
652 193 559 570 
317 557 414 311 
57 551 466 261 
431 544 689 737 
15 47 161 230 
724 140 787 616 
441 142 277 108 
122 842 881 258 
61 479 792 517 
63 296 151 881 
430 205 179 426 
151 45 40 559 
816 74 717 560 
151 242 544 194 
803 201 702 40 
5 883 782 597 
689 155 366 15 
712 609 728 614 
64 185 571 815 
201 753 47 15 
364 409 438 823 
712 157 856 856 
261 401 500 8 
23 300 24 367 
154 746 308 672 
580 47 132 767 
854 60 707 841 
816 795 343 122 
97 103 64 691 
261 287 246 61 
425 260 378 815 
795 560 438 715 
265 358 32 265 
573 430 759 351 
335 431 153 426 
426 845 520 398 
911 36 180 284 
480 294 515 856 
680 470 8 26 
856 242 336 284 
815 567 39 49 
560 490 614 62 
876 703 423 197 
408 209 132 153 
8 27 508 41 
594 180 350 490 
500 839 795 359 
856 192 642 175 
84 759 96 300 
84 672 265 83 
903 715 479 687 
773 602 347 271 
527 519 387 21 
8 242 479 313 
260 357 586 332 
618 7 401 735 
