708 231 191 121 303 202 135 468 614 703 
121 179 607 103 68 72 130 732 829 
264 439 303 215 171 258 852 508 286 368 350 21 543 
107 121 699 350 701 284 490 490 558 788 587 377 595 743 
419 182 847 544 107 650 7 412 162 140 270 701 
548 398 55 345 278 870 437 600 733 525 774 
317 595 480 143 254 409 274 26 238 490 1 
459 216 139 239 569 476 128 224 457 66 694 237 700 
791 254 669 194 607 180 132 24 791 
151 400 261 3 165 790 467 791 693 43 387 527 
344 136 414 91 663 870 679 21 890 535 883 84 765 490 
810 301 385 354 514 51 203 320 223 499 32 497 
668 851 799 117 427 328 115 436 354 
26 45 341 103 288 122 592 261 561 757 
192 491 480 541 175 253 25 
492 39 241 499 652 2 906 234 247 
466 207 486 480 
792 15 631 154 32 387 799 420 
201 661 264 757 262 64 64 391 49 827 57 844 
367 426 15 776 852 486 264 42 
120 454 530 755 55 260 530 
84 585 745 66 827 489 436 410 178 98 
466 270 87 646 519 237 344 12 234 188 64 542 57 596 
173 378 366 431 423 323 48 449 135 179 
465 585 83 814 106 651 870 837 222 839 
425 84 531 140 332 753 
347 466 877 264 262 444 
210 607 41 561 180 359 734 695 797 39 
115 304 
50 810 270 761 177 55 461 879 790 449 
607 103 500 553 552 755 13 793 
492 364 345 64 
695 56 434 313 215 518 106 788 
8 1 466 577 426 470 368 178 
222 90 779 294 800 552 505 883 
60 42 94 566 
36 160 363 234 284 211 216 76 646 190 249 
810 77 46 852 25 473 606 844 
64 884 65 218 711 843 819 174 565 
182 57 218 663 207 
481 361 130 511 702 21 561 623 850 698 700 
358 71 788 218 63 296 436 271 132 593 
357 17 389 128 708 378 427 72 708 232 
178 231 449 54 852 135 54 592 766 108 749 41 755 
313 26 878 232 113 121 805 293 593 553 
13 491 843 544 377 739 538 369 
60 461 42 178 601 8 277 175 
408 336 708 215 699 119 627 
399 144 420 627 178 3 
207 
534 355 590 726 878 435 
273 684 341 139 870 51 144 859 
684 431 593 313 718 153 192 103 558 425 455 568 86 
65 87 216 41 726 124 118 637 354 467 178 
746 366 789 656 264 203 180 155 39 853 732 623 8 291 
525 237 530 901 71 113 
490 336 650 228 344 708 486 57 72 153 711 237 687 661 
84 6 819 769 361 592 84 246 336 532 401 779 
18 49 646 765 234 314 295 52 
144 847 607 246 700 476 17 3 392 41 663 
8 381 288 129 300 72 553 
15 4 364 139 414 534 68 579 65 135 328 
336 852 252 500 55 140 218 234 698 27 151 409 334 2 
898 337 755 363 8 133 64 36 251 264 47 33 261 260 
275 75 650 789 489 715 338 592 224 556 805 42 
3 755 381 116 57 490 748 745 315 84 
173 153 216 429 203 334 
47 191 95 291 898 
547 757 755 64 229 
491 54 491 229 610 
156 859 366 350 166 25 454 628 144 823 
791 671 755 8 683 344 555 207 
94 487 698 139 732 128 906 31 421 408 20 
466 499 54 138 197 
414 755 691 827 238 260 852 79 47 293 334 336 
414 607 42 17 253 845 439 
844 557 18 427 38 444 5 461 616 103 673 25 234 556 
42 154 343 260 456 
115 304 589 178 434 232 293 103 106 
94 45 179 117 145 755 366 900 816 
41 414 701 12 301 265 173 197 271 316 
500 811 461 106 8 46 
607 25 80 173 146 242 35 898 163 
639 770 122 651 245 236 80 412 
232 490 76 254 557 740 646 
159 84 810 612 71 784 98 898 
722 696 401 898 499 414 94 234 32 
698 19 436 1 147 161 762 
193 870 519 178 100 254 153 277 20 694 
35 839 207 663 185 519 243 335 330 
25 558 193 31 344 151 426 441 526 121 300 
166 8 165 173 45 120 281 281 
222 592 870 162 207 151 694 207 
467 527 522 144 146 121 135 570 120 
870 173 824 687 151 273 740 
214 84 24 386 491 84 616 317 144 
688 610 666 762 36 24 238 154 130 465 319 
816 607 755 878 55 222 829 
168 623 559 147 305 538 819 222 
145 83 468 140 278 733 
