197 51 455 
161 726 15 
336 620 132 
64 83 652 
505 670 334 
318 178 518 
18 395 0 
852 521 874 
792 499 600 
238 408 831 
792 662 8 
714 13 592 
200 107 499 
836 804 476 
563 18 245 
180 308 570 
39 90 775 
64 261 364 
172 278 838 
175 810 32 
898 253 408 
369 790 357 
402 559 441 
1 27 168 
358 783 25 
388 592 625 
241 402 341 
441 313 5 
246 279 312 
345 430 542 
514 501 616 
904 505 235 
17 853 875 
394 173 5 
234 83 391 
338 275 803 
64 616 679 
553 111 632 
501 194 833 
638 42 616 
33 250 56 
60 669 479 
117 386 254 
161 683 65 
414 55 140 
341 718 424 
15 606 585 
5 505 565 
271 607 764 
354 15 835 
655 139 519 
513 125 153 
820 247 59 
518 738 222 
162 197 71 
42 66 781 
222 727 174 
467 619 132 
428 192 247 
607 848 853 
1 234 741 
258 338 10 
733 616 36 
203 87 592 
279 151 750 
882 39 863 
2 265 115 
817 242 376 
854 222 499 
358 216 12 
90 161 236 
72 216 366 
51 84 178 
95 55 775 
180 592 830 
224 31 140 
157 242 281 
172 674 84 
612 618 84 
86 481 25 
788 564 598 
69 592 903 
145 18 144 
401 873 302 
260 21 173 
579 709 249 
264 669 66 
172 308 716 
467 124 845 
253 853 308 
694 121 452 
806 27 792 
378 68 367 
535 384 271 
93 17 792 
121 7 172 
25 156 775 
287 3 714 
178 216 344 
416 593 735 
