456 987 304 788 63 
91 286 979 1065 592 154 432 
414 379 1008 554 656 
458 1071 344 950 
804 624 1011 344 
1091 856 336 493 
608 543 417 
358 653 
1046 652 297 
760 79 587 187 708 151 
910 173 504 
1081 760 298 795 
222 985 330 765 153 140 
1098 387 419 183 478 200 
5 201 
358 660 946 
659 
399 259 
488 990 699 125 379 428 677 
873 1005 1030 1067 1108 933 
838 170 1082 647 
32 554 378 771 162 
666 480 288 246 
231 201 808 
427 724 655 725 172 769 107 
551 967 816 28 750 964 125 
678 927 1046 448 692 923 564 
330 971 405 
244 624 186 181 
99 713 834 971 
42 
30 557 594 761 
28 84 36 1002 175 
1091 705 546 856 286 493 
425 695 1015 70 803 
910 290 
1040 
229 1034 
337 393 345 746 1054 
109 191 757 516 1012 
666 966 168 422 316 
291 209 157 422 794 577 
763 603 
55 686 527 960 2 
656 786 124 765 1058 142 
699 871 676 
496 448 740 1062 135 
609 512 2 344 347 758 452 
113 88 438 791 1117 120 
269 78 263 558 229 887 623 
540 139 501 359 914 948 
601 379 647 965 277 829 656 
504 479 603 25 985 261 7 
200 394 188 1015 
37 513 481 817 
677 283 1073 646 503 
1035 71 220 
10 956 671 2 
155 770 875 
79 151 277 
317 1009 771 526 
487 965 943 908 619 
627 708 8 86 436 
765 366 129 272 
819 945 459 646 177 
335 18 63 21 
846 378 607 
177 269 152 1102 60 326 290 
290 740 954 117 943 135 
392 
900 690 985 454 923 245 6 
486 607 931 613 
1046 1049 659 
903 19 876 1076 196 342 
786 611 811 111 988 458 
875 524 47 736 1 696 306 
500 858 874 895 904 
460 95 911 22 42 38 894 
564 353 519 521 608 
645 786 111 1071 503 
94 434 63 142 805 
906 750 375 886 
81 773 417 80 41 371 
639 901 1097 488 779 
290 939 585 708 1108 1091 407 
965 
1052 594 
425 695 826 295 70 468 803 
404 405 938 655 
1034 801 579 149 
284 25 677 698 
664 542 411 150 909 929 169 
96 296 87 359 
325 511 1075 1011 1029 535 41 
132 688 850 969 1086 84 186 
