336 327 76 
58 5 303 76 248 
162 220 100 23 334 
51 138 25 45 38 
88 7 175 249 
8 
215 353 60 46 
76 56 
27 98 350 386 206 47 154 
58 80 130 
76 64 278 
167 217 
20 81 357 58 278 
224 79 198 309 121 184 256 
330 189 
78 217 134 365 
60 41 292 320 76 39 
220 
342 409 125 56 205 308 
252 349 284 
35 213 230 201 
215 0 194 25 2 76 
233 342 145 322 
78 220 58 57 
166 82 392 349 
227 54 29 
76 71 58 23 122 22 398 
28 116 256 388 255 
220 43 176 7 
376 
30 203 361 342 240 
206 249 119 154 109 
135 14 0 202 131 227 134 
130 228 337 
266 0 38 373 
328 58 343 
147 134 141 193 344 
250 215 213 25 
165 358 20 
61 
120 348 141 
32 215 
248 100 199 241 129 
92 5 
216 139 58 220 
177 214 
32 215 
252 53 76 162 248 237 35 
261 113 352 165 366 263 2 
261 365 198 65 233 3 190 
263 304 181 
170 
136 5 257 300 
165 5 249 369 220 245 
199 128 183 184 215 
265 147 201 
54 216 128 40 
390 166 136 8 87 227 
331 94 249 53 161 322 
223 266 35 389 177 
297 126 134 
223 365 280 
27 330 241 177 3 
156 
204 209 287 163 106 
95 161 
2 191 27 234 
2 191 27 270 234 348 
222 243 85 178 357 320 103 
382 327 8 366 
323 54 177 
58 304 170 0 29 
349 43 19 88 
162 220 334 282 
165 76 347 130 
139 252 167 211 297 5 
344 
301 323 98 279 261 56 55 
232 42 277 28 261 
23 19 76 320 257 141 361 
310 310 165 358 96 263 358 
345 58 358 297 134 369 
358 252 121 
22 64 77 126 1 233 328 
279 19 378 53 3 279 
230 79 19 256 63 28 
376 161 344 227 288 
134 229 25 355 114 252 346 
76 369 
35 28 225 396 23 385 
38 
100 23 303 
