1085 171 
1165 126 
856 862 
173 633 
1138 207 
35 1172 
352 485 
565 1230 
514 228 
23 158 
811 459 
630 964 
1149 490 
931 617 
355 60 
1038 14 
582 126 
1006 743 
78 543 
765 981 
786 453 
97 142 
1087 5 
414 615 
19 531 
1000 1225 
325 659 
136 276 
14 1230 
10 927 
443 128 
443 222 
1102 418 
49 251 
262 763 
1158 638 
30 1233 
913 1183 
747 327 
246 832 
319 292 
556 103 
614 1234 
563 516 
59 723 
1170 420 
618 220 
1190 692 
899 1227 
698 20 
416 1211 
683 333 
528 303 
309 135 
197 20 
1062 1236 
256 197 
300 82 
133 515 
78 613 
755 146 
1228 1234 
594 768 
907 541 
967 1031 
363 951 
615 912 
66 109 
1138 487 
492 456 
1009 468 
604 510 
185 576 
1019 887 
49 251 
1062 1227 
107 582 
136 856 
192 519 
959 439 
914 59 
30 1206 
251 106 
309 1022 
187 965 
267 201 
1252 395 
498 696 
798 141 
207 120 
363 204 
