66 1278 344 290 881 
1290 668 394 1231 
802 186 567 1244 103 99 
968 568 659 702 
1248 175 134 568 951 
25 336 1079 433 502 
1045 39 240 668 842 
101 
61 1002 79 
1156 632 832 1061 476 1091 
813 245 368 1032 475 627 
1088 
353 1103 1062 
460 732 275 
1187 211 950 994 
387 581 432 844 
508 426 1079 
431 68 993 253 
264 161 731 758 234 801 
129 872 29 665 
246 1204 
1022 876 
1058 250 1120 65 445 261 
19 1293 225 
954 202 390 151 804 1170 368 
899 79 119 153 
537 385 656 
954 225 
390 96 314 991 738 124 946 
379 333 601 
899 207 1101 
756 475 1101 903 
764 168 547 775 574 
630 508 24 1036 426 602 248 
171 253 1286 1101 485 
855 684 
1213 872 530 450 451 
1298 277 503 772 537 335 317 
1166 84 208 252 
549 473 1296 658 940 
991 1156 677 
461 79 951 
903 990 
241 152 1130 727 470 
1027 
55 1061 525 433 417 345 
390 90 314 
512 61 1297 178 869 124 
621 
267 569 418 185 1085 
728 1254 781 
23 875 
326 943 1086 900 124 958 
723 159 630 692 79 1169 
1224 832 794 638 1207 
264 775 
171 
109 362 
824 451 995 
292 320 673 738 1105 
568 15 1089 235 225 855 614 
2 698 21 854 943 
769 
171 869 659 79 362 1125 246 
333 621 417 390 166 200 
711 763 
846 
25 233 282 
39 233 621 215 77 1161 122 
257 1298 711 270 668 791 221 
122 206 497 
330 5 475 85 387 
1043 958 980 1016 
635 968 1248 245 524 476 
44 
13 1085 1061 
1125 654 721 
91 124 1235 14 411 275 
840 530 474 1297 
723 1285 168 
1091 966 1127 1079 756 804 
1030 922 639 929 
105 73 257 1090 
993 54 
475 1017 1014 250 697 456 408 
1116 200 193 578 241 
988 1212 
912 646 781 497 531 724 231 
440 680 786 981 903 1243 
326 144 
877 915 58 
52 61 
475 407 1163 876 301 1294 968 
385 1091 1014 766 508 390 
138 28 132 
407 1163 470 968 
