744 246 
674 42 
222 364 
602 102 
652 151 
160 258 
206 138 
5 359 
456 799 
55 143 
678 792 
191 583 
106 380 
95 410 
139 675 
220 64 
154 388 
581 419 
382 162 
565 316 
556 289 
57 734 
465 805 
125 311 
374 545 
49 409 
690 412 
516 588 
550 167 
734 217 
653 72 
138 840 
177 882 
446 368 
690 296 
2 703 
42 703 
614 131 
780 520 
523 871 
714 491 
42 441 
27 356 
105 80 
176 172 
348 576 
177 152 
536 137 
650 273 
833 463 
173 540 
693 396 
313 232 
95 310 
176 356 
71 55 
543 356 
102 738 
712 376 
665 282 
271 5 
505 343 
411 396 
422 177 
507 701 
83 532 
840 38 
428 282 
5 373 
173 422 
333 269 
302 412 
498 193 
282 421 
376 523 
64 258 
42 388 
823 665 
799 565 
116 689 
306 167 
259 184 
273 606 
429 355 
83 247 
443 150 
407 376 
808 65 
138 538 
840 15 
799 824 
364 269 
507 411 
805 20 
364 658 
64 392 
464 82 
603 83 
55 862 
603 716 
