128 534 25 369 215 31 295 377 279 55 
238 480 796 203 807 71 56 
4 536 814 601 677 64 470 574 673 110 192 794 30 623 
293 361 15 878 749 72 560 395 494 854 737 
203 45 52 712 477 
145 692 762 203 416 368 560 41 902 124 278 550 345 
471 557 173 521 132 254 117 261 201 573 
317 719 225 180 708 313 243 258 597 409 801 
122 124 
691 133 313 242 470 8 293 733 354 79 642 389 312 398 
250 594 47 242 471 204 
54 207 60 182 368 133 151 490 25 207 813 887 
178 103 500 234 698 202 558 616 65 77 424 
729 887 64 814 54 795 401 364 508 30 
238 423 804 397 84 204 597 698 722 83 
814 674 491 286 2 814 449 8 42 121 431 476 
2 787 759 565 427 197 144 103 491 24 408 
8 222 862 274 905 883 491 368 850 138 890 
192 57 175 253 196 861 402 420 
300 248 491 478 519 692 68 855 
47 232 334 205 113 735 293 121 124 72 735 43 560 780 
287 803 466 237 452 223 470 863 817 514 351 414 751 563 
861 386 209 652 743 140 907 
218 94 39 36 51 38 133 410 434 20 
528 747 721 739 631 244 0 347 275 336 246 120 490 
39 539 810 264 118 47 41 261 178 261 
514 81 490 64 384 905 358 751 144 479 701 107 
400 0 
378 38 436 506 17 39 836 698 
543 254 804 
151 533 378 141 161 
84 378 500 481 586 378 279 414 830 543 669 424 266 490 
56 106 343 632 42 237 758 560 707 151 261 
20 752 351 194 526 
408 80 520 107 654 759 836 830 45 146 691 396 744 254 
201 759 45 848 421 84 165 294 602 332 
229 155 8 121 454 7 381 
553 851 275 122 151 491 248 431 237 166 519 242 591 
484 780 639 221 107 350 816 366 115 318 209 705 
122 743 39 229 691 216 560 150 585 
642 260 20 364 814 684 476 
232 293 545 80 74 560 
470 465 53 434 878 
555 178 558 437 698 591 22 398 386 676 
792 218 669 730 213 296 46 155 161 242 154 509 
327 504 666 506 905 15 595 420 572 27 484 630 39 287 
141 423 15 82 
895 106 42 222 492 711 
393 698 345 369 60 743 249 594 
457 828 769 414 2 500 609 232 890 144 519 
358 260 712 132 42 18 308 215 
12 40 118 888 3 146 350 165 
519 876 255 106 594 
742 94 766 193 698 18 201 366 
25 396 253 25 260 166 300 703 856 
691 61 205 245 80 
533 32 246 852 369 130 15 739 815 501 344 687 261 287 
320 568 647 343 521 242 190 784 
265 649 562 309 
71 86 680 287 375 35 181 390 848 575 
72 17 262 708 652 716 476 224 277 20 64 
609 815 200 238 502 139 40 234 51 243 705 430 659 189 
356 555 375 95 691 295 343 455 308 
46 408 242 874 657 587 500 401 277 234 
519 15 218 246 759 24 762 594 331 260 833 
267 20 15 722 364 55 887 194 836 57 187 
852 64 132 63 51 468 249 3 165 776 390 392 500 
715 261 36 168 13 703 490 215 108 
543 243 222 702 174 702 700 27 237 129 
906 502 65 
4 180 466 386 116 500 153 797 646 
238 80 591 309 585 171 591 
3 699 787 381 57 490 
706 216 363 705 715 370 416 354 792 241 246 258 541 
572 535 271 244 55 204 759 494 277 
416 474 61 31 103 259 
175 243 759 430 144 153 55 560 354 108 633 
345 162 687 698 2 25 431 715 
26 277 669 794 42 426 594 814 476 
173 55 31 173 594 21 394 130 480 187 151 354 
103 115 56 304 378 38 688 106 378 657 500 470 178 571 
340 133 64 451 340 841 49 436 482 160 
287 49 5 84 555 595 149 261 570 664 
173 200 98 225 132 474 107 580 536 
688 21 672 178 124 106 630 
820 386 332 42 470 265 
36 587 83 557 521 536 818 
60 691 42 705 671 15 94 603 791 
847 589 430 894 27 481 
24 287 375 255 855 63 181 117 367 424 
510 340 32 752 429 769 845 644 24 313 620 173 232 722 
401 813 467 483 181 144 456 67 545 72 726 
519 0 530 874 737 419 90 705 207 319 242 
343 690 632 
560 715 482 177 370 366 241 154 369 402 399 515 278 417 
691 207 221 317 336 529 467 218 
409 340 26 851 567 115 841 8 277 31 174 
55 717 356 182 46 571 117 31 490 103 654 814 237 117 
638 174 87 8 178 476 401 854 
747 501 804 64 820 470 721 238 264 215 
