219 66 
220 261 
50 65 
261 381 
236 41 
58 406 
199 328 
39 58 
276 23 
14 206 
395 154 
251 176 
301 245 
134 332 
205 191 
321 161 
314 72 
149 237 
178 308 
187 318 
133 99 
14 391 
51 255 
273 76 
98 200 
251 198 
58 88 
380 76 
55 31 
107 92 
83 222 
105 120 
264 370 
350 38 
382 314 
52 362 
365 409 
54 48 
358 126 
369 107 
344 365 
177 345 
8 359 
321 141 
348 216 
231 136 
177 345 
58 229 
227 347 
19 115 
156 57 
276 25 
47 320 
334 74 
209 191 
109 312 
268 265 
112 256 
26 210 
263 96 
302 89 
375 168 
79 275 
82 166 
134 290 
125 344 
348 162 
223 162 
257 2 
385 342 
32 76 
353 36 
216 8 
21 162 
353 234 
76 233 
314 169 
257 2 
358 23 
47 256 
126 20 
65 346 
193 391 
2 109 
85 6 
12 241 
166 390 
127 294 
135 111 
321 127 
342 187 
240 350 
