30 688 834 
334 698 194 
238 18 27 
168 749 52 
221 334 568 
475 317 278 
179 253 203 
94 496 713 
188 71 253 
277 21 761 
278 570 192 
26 157 242 
277 802 426 
281 628 739 
238 718 170 
274 425 1 
498 60 685 
882 884 194 
32 264 668 
712 345 673 
273 207 837 
86 870 61 
79 494 535 
202 466 683 
42 55 724 
557 366 579 
116 43 886 
84 726 153 
733 874 278 
459 55 558 
687 604 140 
107 835 492 
610 261 358 
64 802 499 
81 71 125 
901 771 173 
810 625 650 
1 117 610 
625 652 2 
191 414 378 
222 441 45 
260 443 340 
500 793 879 
793 260 125 
550 178 490 
548 769 234 
215 15 192 
252 394 55 
426 25 572 
2 64 95 
800 530 222 
260 25 610 
583 481 177 
224 95 843 
872 564 302 
494 558 499 
154 369 789 
175 64 129 
298 47 559 
616 850 60 
253 828 550 
635 607 173 
354 128 15 
570 43 408 
178 55 421 
412 726 367 
466 3 72 
476 194 538 
174 2 334 
552 694 350 
568 878 25 
115 607 733 
64 704 62 
27 862 238 
682 33 538 
558 42 133 
84 207 237 
575 401 607 
746 55 234 
302 207 249 
177 401 358 
618 378 364 
810 468 465 
378 643 862 
490 627 874 
500 285 261 
330 695 124 
829 434 422 
234 845 439 
56 168 166 
116 49 525 
743 261 465 
147 49 162 
661 622 161 
607 221 206 
140 593 500 
386 499 168 
103 144 441 
64 426 162 
499 344 178 
