1601 1473 427 
617 612 535 
1466 130 251 1126 1189 104 1684 
602 1544 
119 77 176 1145 
367 
582 334 
70 1319 652 514 634 920 
1362 1547 799 1410 
1240 
897 1380 1643 849 391 1292 
1406 174 
1006 996 1056 87 
1068 1085 
457 556 49 1134 1358 620 406 
1641 1512 728 
917 729 1350 1534 145 1641 240 
649 1153 708 190 676 265 
163 1029 315 
358 1347 1301 1427 1562 1030 
749 622 632 1639 264 1189 251 
405 847 
117 
405 847 459 
1123 
983 237 251 203 352 1442 
584 122 1594 77 248 287 
706 231 1442 883 1458 
405 1560 1573 808 1477 870 844 
1008 870 724 934 
346 738 20 844 
961 339 534 564 483 65 1238 
701 70 14 1082 1137 
1485 445 322 532 232 266 1058 
908 1117 139 1594 
551 
1576 551 136 1105 688 999 27 
919 1025 
329 13 540 
457 917 728 1268 20 
933 20 
652 132 445 
808 1643 671 1356 1314 
1405 556 1576 
457 1070 219 1518 
1585 1293 
808 1547 313 82 174 
250 288 799 1259 1495 
776 88 
1494 998 
145 686 
543 654 749 
1314 843 911 1317 
0 773 780 306 412 34 648 
1347 850 1398 840 
1682 140 219 
253 1677 951 1012 1674 
541 64 1281 1628 
183 400 745 976 
76 
1601 1345 143 285 
681 419 483 
34 617 
1232 574 996 
790 944 
73 707 
37 252 190 57 1461 644 
1595 1081 1674 
898 401 457 1056 1524 
97 1109 1064 644 214 1380 
17 243 999 1202 909 
920 
1512 444 
38 582 729 125 338 1239 114 
80 
802 519 392 
1508 18 1209 1582 247 660 61 
248 531 701 613 1582 134 
682 1124 909 43 567 
1271 1212 1268 1324 
1004 770 930 
221 1370 191 246 985 
20 1346 1506 
301 116 449 
6 1306 
636 822 39 512 1254 275 
657 1204 1382 644 307 630 
1188 1106 
724 1394 564 1311 211 55 
199 87 731 
201 1079 1380 141 
483 459 1387 
1628 1457 1153 571 689 202 686 
1340 17 367 649 368 1097 6 
612 337 27 922 1271 206 1496 
198 951 982 1427 161 
