77 501 231 63 853 688 548 879 151 55 364 519 853 830 
32 273 132 612 387 33 
553 479 13 763 558 492 83 529 652 352 318 263 
50 118 232 144 8 324 746 260 671 555 490 277 
425 15 563 650 87 606 105 
366 343 15 341 811 449 513 465 350 852 845 25 
414 420 232 759 168 94 368 178 207 
614 182 827 542 550 490 375 57 369 820 
607 493 201 863 756 884 421 294 
161 318 274 71 151 80 572 895 116 526 125 42 133 
761 438 280 497 308 249 758 688 260 746 561 222 69 632 
378 229 83 84 147 248 291 838 242 
369 621 542 884 106 558 358 490 461 378 278 237 260 65 
173 466 831 473 173 499 42 282 394 313 480 558 
687 22 284 845 
467 513 522 121 386 607 
369 260 571 336 103 242 780 739 592 
238 370 793 885 465 500 526 494 475 207 
336 366 223 775 671 248 270 684 193 95 249 759 319 
25 792 261 344 727 638 178 
858 209 2 1 27 128 238 
304 234 467 216 71 415 
851 336 616 891 265 21 467 218 
40 521 141 466 644 571 636 261 21 323 125 23 
162 313 398 222 792 620 543 431 271 151 787 456 792 467 
166 384 64 267 27 144 817 
363 128 572 699 370 531 161 387 525 
216 166 830 225 22 216 563 535 246 284 470 3 853 749 
669 627 730 354 65 1 811 
695 692 652 833 369 130 526 466 275 580 397 170 
558 128 435 155 
47 509 501 18 514 548 481 43 506 368 
789 218 607 63 296 569 268 202 
177 414 265 232 568 120 
558 414 872 723 541 234 54 128 414 318 616 96 907 
793 733 
342 607 747 476 420 334 55 21 480 364 454 533 909 
214 891 701 31 505 423 271 42 589 708 285 66 190 705 
812 480 387 559 734 71 535 
400 579 128 41 238 514 193 
764 490 437 278 565 117 850 94 237 871 2 786 43 140 
144 907 817 542 251 47 313 173 222 126 395 
580 829 343 375 250 499 207 440 17 
45 457 879 96 87 435 838 155 
442 182 188 350 466 688 364 468 
661 246 317 513 284 546 403 366 793 137 542 341 259 15 
5 377 318 277 704 21 25 616 21 
568 5 825 749 414 66 669 
251 115 267 336 453 41 126 260 
121 430 75 825 400 7 45 
94 94 607 607 655 
627 72 55 354 261 160 312 523 
217 284 328 385 800 170 329 354 817 607 1 192 
756 629 771 334 174 245 627 816 80 842 470 173 442 216 
68 42 579 562 83 175 
8 716 415 420 838 461 206 
168 696 688 2 518 320 25 
271 787 456 366 619 41 
858 370 294 139 209 396 688 725 663 173 
790 44 674 57 8 572 178 689 490 71 284 31 681 860 
369 688 447 260 255 758 454 264 482 
684 761 497 340 454 793 80 401 249 
356 558 345 565 313 357 128 561 273 810 514 59 755 
173 255 332 153 702 426 607 
196 39 490 287 178 66 396 154 369 414 181 
55 469 205 390 721 461 632 
255 207 753 689 260 215 243 
644 47 27 192 612 828 703 287 175 399 375 63 313 845 
702 103 25 396 354 193 705 300 254 849 57 651 
57 858 5 499 246 308 526 242 47 
54 45 636 357 77 284 476 250 153 499 254 
356 772 399 657 197 553 301 247 343 234 455 7 361 369 
373 898 592 36 121 166 722 
553 533 61 107 168 467 151 876 377 853 669 64 401 535 
463 166 264 31 180 350 564 449 677 172 467 32 193 880 
255 180 505 14 694 15 115 54 246 610 42 455 
489 331 311 645 399 762 56 
64 828 260 42 744 421 702 210 716 401 468 173 
347 253 294 710 589 869 845 781 64 
685 348 57 791 513 234 858 95 
164 238 474 138 12 792 208 328 
343 398 278 296 424 853 820 308 
60 899 168 374 476 403 
147 705 312 470 51 42 265 
612 688 518 593 368 42 222 196 824 
128 488 501 782 31 
56 289 82 749 780 386 27 277 437 
416 296 229 118 740 295 802 
201 173 335 800 618 324 778 188 
423 671 33 
222 828 780 544 490 571 607 376 115 270 454 224 218 
222 25 75 700 719 338 61 492 63 343 174 702 709 284 
466 3 398 202 345 84 278 296 
147 64 42 63 744 210 401 612 173 853 519 811 64 884 
133 49 632 334 838 864 431 559 828 
64 746 229 802 820 408 385 490 
756 507 833 366 820 84 21 291 287 740 
293 55 709 465 144 854 811 172 30 372 
287 788 45 178 234 8 501 820 747 
425 182 756 385 825 354 571 480 
