693 115 196 56 240 132 374 782 744 216 251 64 
644 682 452 105 334 508 
751 137 3 57 8 472 496 
510 411 329 732 793 191 886 
63 206 264 46 527 262 116 858 715 789 3 114 
414 160 774 172 142 585 780 782 366 352 1 598 
61 146 499 51 102 399 330 451 364 501 603 496 
718 479 800 114 302 588 38 675 205 166 206 
3 57 444 649 137 235 487 734 737 780 603 778 
421 839 178 116 326 64 172 642 751 275 658 
244 463 487 180 348 177 
323 97 71 782 332 38 83 467 422 
463 746 232 630 134 539 
720 865 428 208 677 129 608 
585 603 678 653 193 780 51 33 367 247 
326 60 773 172 116 415 191 673 122 583 857 
219 5 820 603 42 781 
362 361 96 840 679 8 8 623 178 5 644 
3 768 292 31 161 288 471 561 722 71 799 
152 476 352 282 201 43 794 269 
169 428 145 647 611 180 288 64 515 
412 372 342 177 72 387 
26 723 83 81 18 657 689 410 64 865 720 
862 668 172 545 364 27 46 695 665 41 144 364 
488 206 
127 799 169 105 3 164 539 385 32 685 78 
421 264 789 559 82 232 12 591 535 146 366 
444 47 269 417 71 165 241 177 704 723 276 
456 396 139 496 116 714 423 
364 136 178 285 5 742 
77 25 620 496 332 709 42 116 364 382 489 727 
414 487 348 449 384 649 39 487 
433 269 685 552 364 177 644 259 588 661 396 83 
376 603 809 102 623 574 862 792 424 366 471 862 
338 467 737 515 746 262 829 313 230 724 
252 42 863 334 367 176 55 232 137 452 451 
528 473 226 257 207 538 694 
532 83 45 583 464 229 395 61 239 491 144 125 
165 164 150 172 560 561 642 104 
692 781 370 730 277 179 117 732 206 336 658 
340 180 657 174 608 55 83 
832 2 616 847 232 421 789 191 331 199 
177 152 96 56 105 866 42 766 259 
102 250 376 324 874 208 2 143 866 176 181 666 
340 156 65 637 473 769 576 
603 830 39 477 678 649 357 180 685 502 874 187 
128 173 245 332 152 144 275 423 438 367 
12 745 775 566 53 877 410 464 464 63 
674 808 275 685 525 701 473 722 278 825 165 458 
216 412 463 115 782 
3 392 39 470 124 268 480 674 
200 541 207 678 865 566 832 195 194 52 
235 150 41 789 116 227 83 1 94 1 761 
284 240 384 41 496 64 729 2 271 461 15 
32 575 541 729 153 678 71 235 497 55 39 16 
692 102 252 695 569 125 220 
57 24 518 275 176 615 636 730 690 243 
780 176 536 603 535 817 776 424 851 99 21 25 
863 343 263 206 588 393 
83 716 858 71 487 230 238 610 737 555 
25 220 778 311 227 374 362 836 684 
173 570 341 466 481 888 886 208 15 431 603 138 
240 342 82 18 43 797 562 427 825 837 
64 176 181 738 177 428 772 5 475 438 585 
744 618 623 75 306 534 5 240 808 452 96 866 
114 473 461 330 138 222 173 215 685 251 649 
412 805 473 467 89 422 53 132 705 42 
167 658 39 423 36 888 376 123 464 92 352 355 
251 632 116 39 230 318 569 341 538 
695 212 83 362 289 283 779 
39 780 434 177 786 93 565 385 129 487 658 294 
217 89 250 620 83 871 
282 682 105 629 334 886 314 836 33 236 421 
644 361 725 799 54 894 1 232 497 
192 178 343 239 560 686 21 83 116 150 643 446 
33 362 38 
384 752 56 2 105 840 102 
289 179 556 176 208 263 496 438 0 300 251 62 
539 252 27 191 43 799 842 502 888 462 473 
97 367 515 293 137 813 582 83 276 
258 678 698 190 441 8 386 142 555 
114 12 872 491 461 51 15 247 
563 213 39 658 559 42 
40 172 31 449 143 174 603 768 257 738 503 
567 236 341 15 3 412 
17 707 306 368 284 93 645 42 425 850 
576 552 239 146 150 744 566 558 201 708 
375 234 305 337 505 732 603 487 
286 856 139 384 886 555 63 771 20 
253 624 330 399 743 840 
730 277 473 169 93 729 95 340 539 515 649 585 
153 131 744 156 396 670 334 771 300 
83 96 334 716 487 
799 298 66 414 679 718 33 201 614 858 276 603 
20 3 379 57 685 487 737 275 424 
372 496 342 563 177 220 472 150 24 36 
836 744 131 55 247 465 390 423 79 116 
487 300 152 85 161 137 232 79 
747 732 832 410 487 232 707 
825 767 96 742 72 653 679 885 209 
