249 15 55 708 884 810 172 31 258 
130 384 526 890 207 144 494 252 
565 378 132 127 336 595 366 409 98 491 103 810 663 
55 86 140 218 4 819 425 491 
810 84 791 177 755 100 740 380 
416 378 299 81 304 593 332 
243 7 419 96 650 
201 755 715 421 294 216 64 
747 344 214 39 708 694 395 132 181 
178 234 268 242 549 833 454 165 246 
409 254 622 476 63 644 619 
499 178 555 382 
26 
36 437 65 431 168 702 743 
193 153 875 144 569 263 412 334 467 592 737 714 46 673 
819 197 755 850 816 361 174 354 334 555 315 
40 590 350 25 370 398 
229 593 426 368 279 715 
794 375 825 492 147 699 193 431 408 260 595 
25 143 
307 559 140 222 466 190 370 201 241 470 402 287 857 
843 317 684 192 25 558 279 133 106 592 
249 253 179 159 328 0 416 207 
772 190 724 616 84 101 284 177 
297 875 590 198 670 129 144 603 562 
294 520 369 112 194 183 72 181 
20 755 27 130 192 173 
651 237 61 261 423 27 398 562 757 
572 408 699 154 704 420 279 660 
165 688 758 
40 599 837 103 347 350 482 151 713 852 430 207 
307 343 160 683 467 843 140 499 61 221 369 
103 827 169 49 416 39 491 429 612 277 550 385 249 
755 137 589 354 363 260 17 391 862 844 367 367 207 
728 846 839 543 425 
687 174 51 874 41 743 293 15 313 769 141 366 615 837 
346 313 572 711 651 455 341 717 540 570 834 5 237 140 
316 224 55 357 33 118 130 175 
837 312 370 339 336 872 
129 898 466 264 429 406 12 837 
557 685 31 222 482 465 421 206 212 
467 334 218 56 467 224 207 430 22 532 564 427 121 791 
356 870 342 361 181 75 168 467 791 703 793 732 
72 553 644 616 361 149 593 811 820 
202 2 94 826 542 
378 345 5 505 852 884 755 
355 264 779 806 607 590 465 160 607 25 242 178 192 
631 883 15 580 208 344 261 378 453 234 
32 711 813 718 0 50 518 394 599 229 95 898 787 168 
147 61 688 629 369 384 863 275 852 
749 178 61 223 192 900 555 867 133 
57 490 394 385 335 
122 623 790 628 308 537 150 
121 738 367 278 27 388 49 135 
12 293 791 209 906 490 57 426 472 
139 726 63 232 293 468 392 74 
614 26 847 
454 347 843 18 222 80 676 670 468 663 71 336 386 
394 708 39 422 179 806 649 264 
238 313 174 8 514 
746 366 789 656 264 203 180 155 39 853 732 623 8 291 
753 649 739 159 128 25 673 173 52 140 797 
43 284 430 35 39 755 123 248 200 
743 42 318 745 90 147 366 51 218 892 501 625 
708 96 343 147 51 238 2 449 
542 253 137 509 413 179 25 26 
39 475 331 125 550 806 791 168 564 264 298 894 47 687 
242 170 232 337 358 585 548 61 117 879 
883 248 786 491 478 518 222 589 
592 499 334 
486 2 363 173 
162 315 192 572 832 369 366 490 431 
81 364 900 668 358 103 747 5 175 629 366 479 
430 24 491 260 
234 740 8 350 507 415 8 837 161 785 388 344 
65 161 743 42 281 45 
635 620 398 192 688 55 848 238 208 
757 137 139 708 436 147 51 422 694 
370 499 84 90 726 688 875 213 490 614 721 558 
372 180 743 
222 417 440 122 597 794 229 687 150 583 857 
12 607 491 132 40 843 344 55 271 889 505 378 886 
56 587 704 607 264 191 208 494 145 42 140 173 
347 650 153 894 2 579 
3 24 342 420 381 592 291 57 
623 870 12 620 480 541 703 130 564 
244 785 253 130 886 480 687 319 84 
144 238 469 589 135 583 170 168 130 347 
115 367 844 747 42 60 253 
64 790 832 82 844 61 
879 260 68 440 
57 48 688 163 555 394 414 361 
168 21 182 261 758 643 383 337 64 
783 234 550 799 103 817 389 72 
133 30 47 25 414 31 792 84 564 
884 857 341 168 177 366 872 711 173 354 354 651 241 878 
875 761 345 232 207 5 592 467 572 216 153 139 
816 7 95 145 378 277 
342 123 209 383 337 519 
54 374 
