850 468 
50 19 804 130 
736 538 206 736 195 
344 556 826 53 640 
869 515 282 738 
813 244 156 653 437 164 
50 199 804 157 643 
681 171 535 226 
116 160 793 524 23 767 
118 733 194 397 
914 531 103 804 554 298 815 
208 22 398 588 
373 21 587 840 500 575 
600 51 285 551 310 109 579 
111 70 
680 196 375 310 518 444 193 
596 136 184 369 580 554 93 
764 800 7 2 182 467 454 
730 51 310 915 109 465 43 
67 598 357 169 109 
122 360 59 704 133 751 294 
720 301 295 
729 603 299 712 
103 
33 646 21 385 67 
143 136 431 211 360 
822 660 333 755 16 
223 543 34 626 330 829 613 
855 582 621 680 
848 195 
638 209 65 172 176 
289 518 
563 744 14 682 325 
705 703 373 808 219 622 811 
26 846 178 426 587 77 
334 
118 620 734 140 
298 814 14 566 
824 67 197 175 
323 325 757 519 
693 417 231 
41 747 
154 22 
331 599 344 596 360 577 656 
117 562 
574 320 318 
387 400 450 630 311 911 523 
371 714 
677 301 485 
540 219 878 514 406 
793 
535 196 48 603 164 75 
321 596 381 482 677 18 
677 282 301 
142 844 354 331 
370 801 849 
161 569 413 140 
201 856 384 630 311 289 
104 855 230 191 5 430 
188 305 185 658 366 195 
631 
95 467 67 
267 312 276 599 860 
385 901 182 813 125 
63 47 188 721 609 325 821 
41 440 642 219 75 39 215 
913 522 884 871 
312 193 160 629 
558 696 538 
357 67 
325 563 301 75 839 31 
340 
546 777 589 730 
768 852 593 103 
774 208 88 107 744 292 
124 617 701 182 
721 554 797 367 741 195 4 
256 818 
532 385 225 196 
764 885 467 496 208 
469 560 165 524 601 
422 867 277 280 674 117 333 
671 136 885 514 
733 190 214 281 498 
351 525 621 447 425 823 680 
195 270 415 624 
763 736 182 
22 544 890 
69 708 861 124 
847 
390 801 558 104 301 349 541 
337 760 398 
610 
808 314 609 181 680 
808 797 871 873 540 
525 
385 443 868 
