140 502 173 
132 715 63 
8 241 124 
175 192 629 
593 301 71 
490 106 518 
24 95 151 
306 685 170 
498 685 843 
234 242 174 
687 18 145 
266 290 800 
657 449 424 
15 715 851 
420 879 366 
345 20 446 
90 110 755 
24 279 578 
161 596 790 
173 71 0 
500 442 404 
250 747 746 
185 25 646 
500 657 308 
42 391 682 
140 33 364 
686 130 414 
246 610 95 
636 27 584 
451 832 651 
535 365 8 
124 595 635 
886 42 457 
805 466 177 
258 47 20 
273 498 500 
769 552 347 
466 287 800 
115 679 106 
196 220 333 
571 601 20 
155 237 300 
87 44 173 
36 320 27 
42 155 336 
557 610 478 
500 563 329 
874 278 636 
207 369 216 
46 117 254 
25 370 558 
901 614 862 
96 378 481 
628 357 31 
253 828 550 
487 837 287 
393 627 302 
749 774 45 
468 256 145 
259 181 370 
33 143 847 
81 284 357 
673 17 344 
443 265 758 
713 135 810 
343 396 264 
552 87 700 
224 260 509 
358 72 315 
898 168 892 
476 499 533 
809 698 8 
203 627 622 
559 55 293 
174 848 242 
143 172 174 
809 307 824 
541 84 467 
315 74 556 
367 384 492 
264 646 45 
218 651 332 
894 622 624 
680 730 811 
447 769 552 
726 755 708 
305 552 454 
719 788 476 
315 209 809 
263 271 490 
425 248 57 
366 416 451 
494 104 135 
862 5 431 
425 271 117 
39 96 810 
218 559 61 
767 21 395 
115 24 810 
12 541 900 
