169 99 
202 394 
372 142 
140 22 
111 89 
89 435 
290 45 
124 369 
249 411 
259 252 
80 286 
186 182 
383 139 
473 137 
19 101 
271 126 
306 348 
375 68 
95 11 
317 143 
232 187 
95 202 
102 412 
245 11 
326 122 
167 467 
363 227 
370 152 
8 242 
160 272 
26 255 
442 31 
277 326 
299 239 
32 439 
313 119 
194 130 
45 417 
114 444 
411 255 
26 60 
355 236 
36 355 
147 302 
22 29 
384 379 
379 47 
122 16 
218 41 
301 290 
41 272 
92 85 
181 23 
144 433 
169 155 
345 204 
131 203 
147 70 
188 458 
202 379 
367 412 
394 68 
101 16 
152 400 
23 381 
227 182 
186 49 
219 241 
255 187 
342 257 
372 302 
89 68 
44 282 
146 68 
147 32 
127 290 
169 25 
156 255 
441 380 
2 8 
381 29 
408 451 
23 102 
257 264 
5 309 
23 445 
272 5 
147 400 
467 245 
360 23 
424 264 
113 385 
151 147 
259 173 
213 305 
350 370 
144 363 
170 8 
