78 185 
523 490 
167 88 
340 76 
272 331 
88 399 
366 332 
135 549 
199 245 
341 449 
588 508 
457 110 
321 546 
392 71 
34 362 
459 617 
187 322 
511 34 
5 133 
306 458 
52 416 
157 127 
184 155 
44 337 
131 192 
344 122 
297 275 
583 673 
632 596 
225 354 
388 34 
389 671 
201 162 
364 211 
584 544 
514 295 
405 113 
34 164 
646 239 
384 209 
120 382 
554 128 
2 555 
103 154 
204 555 
545 3 
23 648 
474 42 
369 371 
23 390 
352 115 
171 440 
34 337 
466 695 
455 156 
697 52 
315 137 
118 547 
152 136 
192 33 
100 328 
190 120 
105 391 
188 355 
579 623 
114 279 
556 368 
527 119 
3 678 
127 390 
314 173 
16 512 
139 256 
410 110 
267 558 
100 202 
674 517 
633 104 
537 245 
171 440 
699 468 
694 434 
139 457 
139 118 
367 206 
539 688 
533 192 
45 188 
91 435 
475 11 
66 489 
494 666 
328 88 
121 17 
658 144 
