448 21 
550 51 
313 679 
644 419 
325 591 
383 606 
793 539 
46 116 
313 341 
340 355 
606 27 
259 653 
57 592 
68 330 
268 206 
18 549 
160 205 
68 677 
150 645 
72 49 
850 389 
191 232 
66 442 
318 662 
27 356 
106 43 
184 695 
523 232 
489 538 
665 798 
410 406 
523 176 
716 543 
545 364 
299 82 
715 276 
497 867 
296 462 
556 448 
247 10 
219 373 
400 64 
42 235 
588 1 
64 419 
106 613 
376 215 
169 639 
26 799 
874 515 
825 515 
467 532 
554 220 
760 487 
106 510 
176 723 
630 244 
378 234 
0 496 
799 193 
120 424 
352 428 
258 472 
487 835 
866 311 
142 188 
285 299 
473 153 
174 206 
269 42 
177 152 
498 716 
206 49 
424 181 
330 68 
722 207 
42 487 
507 834 
93 805 
256 375 
417 576 
330 399 
894 138 
497 618 
22 326 
826 42 
26 688 
798 32 
608 503 
555 518 
786 332 
596 723 
556 589 
839 565 
298 341 
203 3 
805 252 
824 268 
291 74 
406 79 
