42 755 293 58 476 166 
599 494 60 4 
906 867 147 232 51 49 832 334 74 
72 84 344 27 694 455 22 253 709 
144 587 875 348 55 461 791 
200 874 2 113 144 799 214 
810 544 107 437 313 86 2 668 
168 21 810 177 218 
553 181 222 395 631 623 580 416 234 13 338 394 448 264 
703 623 585 196 236 792 125 372 
743 879 256 812 687 15 8 
394 238 80 409 18 441 277 800 541 837 
593 64 544 538 162 787 426 494 430 25 
66 824 629 610 279 628 221 308 202 5 
696 494 426 416 313 215 193 408 264 490 
398 514 695 223 3 113 467 866 
779 182 378 250 177 735 253 151 800 584 152 72 
688 51 384 348 714 381 55 
490 5 505 81 900 170 333 747 133 479 703 429 
137 40 281 87 394 8 117 161 616 
284 466 791 394 557 635 244 55 27 
173 178 96 15 160 317 126 41 192 
173 121 437 315 248 75 343 87 151 179 687 447 584 789 
548 242 107 755 
721 886 847 799 732 113 357 731 783 646 401 
701 398 32 621 281 117 641 24 94 702 
837 628 15 357 758 68 
718 518 139 669 782 197 537 246 628 84 686 827 284 408 
816 2 518 153 366 192 54 47 117 47 
437 345 898 395 568 500 397 316 675 267 
387 82 56 94 22 443 
27 71 229 526 275 17 
687 144 470 173 265 246 466 3 
229 436 271 879 318 135 490 138 715 248 271 
565 607 266 203 747 308 708 55 97 364 464 829 
172 629 42 238 423 476 593 455 
173 593 663 890 464 464 59 508 368 153 
643 393 45 467 136 132 265 592 253 799 173 285 178 
173 345 354 733 501 173 525 
703 363 82 8 1 176 597 
419 870 194 30 106 354 
821 627 329 776 63 566 794 789 401 482 246 535 201 25 
100 41 628 430 471 596 309 671 587 125 837 
844 55 654 499 739 229 801 130 668 
571 57 704 844 583 55 130 130 32 668 180 177 500 426 
620 466 321 708 369 127 18 701 236 
4 804 221 125 737 335 117 366 197 255 731 72 304 592 
593 84 452 84 204 
626 
737 15 115 755 705 253 
762 42 62 703 76 559 656 133 837 642 51 630 401 189 
57 291 396 867 173 708 245 271 39 95 829 679 
827 370 203 64 260 743 468 649 646 711 8 
803 717 17 56 238 
318 8 552 0 868 21 291 394 106 
357 347 301 194 492 343 
851 878 207 249 580 151 348 558 395 152 906 202 668 27 
378 878 752 280 639 151 216 435 759 253 155 782 
222 718 890 5 23 710 444 118 36 118 552 499 620 334 
57 857 5 499 246 308 526 242 47 
173 124 94 222 743 15 607 
57 419 96 500 408 711 179 253 8 526 878 607 592 
361 816 733 90 42 829 135 
544 369 313 733 555 271 603 
264 194 355 353 580 643 343 94 476 620 565 699 852 
80 607 17 222 80 267 366 291 679 
794 33 425 343 214 287 313 32 94 
555 520 355 590 535 98 397 261 25 404 241 201 724 
732 205 513 448 810 325 147 600 710 65 51 103 
143 718 96 294 734 161 328 262 276 563 710 459 473 
277 703 
121 284 471 377 743 39 156 810 106 
25 745 800 130 886 319 499 
222 789 824 810 571 42 376 
133 555 38 216 597 6 332 197 713 
541 275 394 474 
754 437 879 117 487 398 451 569 788 498 203 468 490 
465 585 585 71 476 254 344 715 814 362 837 285 688 685 
331 64 698 229 358 688 33 173 15 
475 42 12 261 507 258 593 118 3 646 156 51 416 661 
755 543 246 132 902 737 109 255 
398 780 375 107 409 749 380 646 486 508 352 
850 694 336 555 21 259 467 218 682 625 546 334 669 140 
423 149 36 593 587 249 359 776 692 
364 430 827 482 1 293 234 553 
708 133 687 571 72 291 558 276 
800 450 449 135 3 238 812 502 359 476 139 
842 106 618 872 868 151 107 122 350 286 
47 414 561 1 378 138 265 394 173 402 
701 343 49 319 810 77 378 358 264 435 155 
687 54 260 15 180 494 430 84 797 810 194 
0 368 695 530 761 8 618 683 844 452 414 
178 162 192 431 217 799 
711 130 95 306 480 
59 844 906 26 898 234 397 180 623 714 25 83 
386 52 336 519 601 324 344 593 
628 518 260 644 872 422 392 769 144 106 260 468 
735 96 32 620 205 386 20 426 284 319 819 84 67 739 
201 589 844 18 552 421 347 
