263 858 443 780 72 603 
679 863 346 565 412 55 
150 744 566 558 201 708 
200 402 155 376 606 384 
122 644 465 515 64 289 
63 294 695 332 373 266 
786 160 709 693 498 454 
735 449 554 562 888 376 
3 164 388 730 43 283 
77 333 334 176 547 487 
42 291 258 2 143 364 
414 160 630 666 240 629 
364 744 245 660 799 5 
701 38 362 523 716 268 
252 234 689 887 433 751 
201 343 698 5 285 780 
57 835 702 251 276 523 
72 117 36 658 496 615 
289 26 66 428 695 370 
56 236 556 561 384 376 
530 367 427 375 840 64 
766 71 832 355 462 
730 277 20 95 362 68 
431 832 555 174 795 498 
338 2 289 465 93 137 
400 618 289 527 221 15 
493 356 692 372 583 18 
230 554 217 562 824 
286 49 55 272 827 623 
95 588 195 603 781 338 
114 291 231 366 794 703 
588 734 601 473 603 71 
589 232 693 379 389 200 
140 816 276 723 42 105 
244 612 143 268 55 458 
89 683 385 227 650 5 
5 275 694 
176 55 232 137 452 451 
429 694 534 49 841 15 
202 701 315 368 289 155 
754 563 271 240 247 496 
75 479 637 769 205 
148 639 888 356 736 174 
838 535 17 193 215 510 
661 611 116 55 495 763 
71 721 376 888 816 41 
165 241 177 704 723 276 
293 135 623 738 259 887 
192 236 39 105 57 
46 17 181 734 676 41 
424 25 46 341 42 538 
724 555 607 317 736 712 
789 599 82 588 487 150 
847 610 138 384 25 522 
143 678 754 824 125 685 
51 142 72 494 832 80 
276 464 794 27 289 582 
688 800 169 772 832 15 
265 172 835 2 450 64 
498 732 483 660 382 365 
275 364 478 167 2 693 
334 8 196 578 366 2 
384 212 332 167 688 217 
395 144 818 396 180 82 
463 139 473 467 176 316 
314 364 840 794 27 289 
410 83 549 483 289 71 
1 393 97 381 335 723 
847 424 165 355 167 786 
121 567 622 
734 333 247 343 396 744 
184 298 339 679 15 
179 22 382 461 42 139 
552 517 532 858 97 567 
124 8 357 366 668 515 
334 489 242 822 258 487 
367 268 686 55 406 800 
434 53 858 341 464 250 
355 83 251 143 258 376 
8 39 195 394 196 2 
146 851 888 356 736 124 
449 623 64 316 65 55 
285 364 782 547 206 588 
888 698 825 635 820 414 
27 20 276 232 530 302 
263 251 872 701 77 269 
232 547 32 83 806 494 
276 555 622 93 317 152 
674 285 783 24 818 530 
259 796 711 377 355 208 
711 83 258 501 51 161 
239 146 291 247 694 788 
19 143 125 42 153 
190 33 494 139 32 527 
825 809 25 47 888 42 
560 65 415 827 66 80 
107 498 42 95 658 314 
29 720 773 97 251 840 
275 152 206 588 144 275 
632 603 457 515 631 177 
