634 620 
551 933 
1006 1284 
749 1294 
589 459 
931 621 
408 225 
971 268 
750 615 
606 399 
575 1208 
862 1009 
656 351 
1111 908 
137 683 
641 765 
17 889 
538 918 
150 419 
863 308 
1315 57 
408 1144 
330 270 
446 952 
428 123 
39 183 
778 986 
17 318 
1159 153 
8 667 
740 1194 
1184 57 
793 626 
104 899 
418 1084 
326 264 
969 407 
446 1087 
417 1070 
925 191 
67 1279 
722 34 
359 529 
417 28 
293 702 
536 467 
416 267 
1051 1077 
1112 504 
423 549 
31 851 
98 479 
1317 380 
415 753 
100 881 
556 169 
90 1258 
1021 697 
1068 1075 
172 469 
1154 42 
220 247 
1077 208 
567 1145 
676 114 
1304 1194 
1200 292 
399 578 
100 1167 
833 1263 
436 97 
865 1007 
106 157 
334 36 
499 172 
456 255 
319 1256 
152 1133 
1204 985 
1304 792 
923 76 
718 610 
707 894 
98 769 
504 618 
283 877 
672 1254 
2 1239 
341 60 
1186 1086 
550 129 
