177 366 
515 425 
26 688 
222 732 
535 395 
55 862 
396 346 
355 42 
378 565 
268 64 
43 734 
356 139 
496 6 
25 172 
127 658 
477 867 
83 196 
26 836 
143 367 
27 561 
94 268 
692 132 
549 134 
137 138 
348 350 
738 230 
367 376 
581 593 
102 371 
653 114 
412 655 
291 840 
545 314 
376 355 
545 588 
192 213 
788 582 
715 276 
496 827 
239 474 
36 462 
45 610 
464 476 
689 268 
64 535 
160 470 
523 232 
428 83 
65 196 
783 661 
343 470 
217 414 
291 235 
247 886 
496 422 
26 678 
71 836 
143 661 
184 42 
272 309 
0 545 
678 49 
701 116 
64 49 
155 497 
496 364 
692 406 
248 64 
473 343 
42 244 
588 429 
275 839 
700 83 
259 200 
39 714 
208 18 
240 467 
780 745 
705 679 
835 738 
174 62 
5 808 
392 745 
169 42 
745 71 
367 26 
94 33 
777 217 
340 61 
696 574 
47 71 
273 83 
15 21 
247 465 
342 173 
61 271 
690 562 
645 262 
387 0 
744 353 
