140 217 815 706 149 812 568 491 
253 545 181 173 674 399 706 672 675 
68 7 775 816 250 
8 798 782 1 179 123 253 104 
267 688 140 222 818 64 856 308 817 17 366 
84 594 140 221 217 510 
185 208 221 218 350 174 223 619 761 265 
312 197 613 157 816 435 567 6 
36 461 88 492 32 
363 133 122 179 833 313 55 332 563 719 758 370 
492 613 346 
284 287 174 264 385 800 36 
264 779 84 399 833 760 260 410 723 897 
487 26 42 198 410 427 399 
884 82 222 713 265 643 320 135 23 27 
8 132 732 83 
720 246 278 604 133 901 317 595 324 548 313 139 445 344 
165 189 128 95 84 130 
876 47 3 582 121 57 736 261 172 
46 56 106 358 691 107 417 121 495 581 816 426 
216 294 552 525 347 39 860 42 901 323 83 716 15 
161 328 271 4 379 810 177 161 128 462 306 
600 300 275 284 197 234 380 107 75 816 
47 684 8 344 414 488 816 680 63 430 150 280 899 477 
168 402 399 317 64 375 468 487 548 798 3 
681 162 41 909 797 
144 431 
261 431 709 427 207 242 140 173 726 444 450 
455 144 173 794 197 335 587 293 
438 857 775 90 204 193 55 277 780 803 
100 261 684 805 913 58 125 15 462 520 
468 115 399 465 625 491 332 
329 782 238 706 8 573 258 540 416 467 793 791 121 427 
550 260 560 532 443 667 264 
687 229 277 185 445 15 415 342 
462 260 913 318 318 417 261 209 151 477 849 520 260 332 
769 139 103 24 402 90 63 181 
135 207 722 704 658 501 760 42 
42 905 168 94 604 38 500 502 626 117 191 865 825 249 
385 107 36 399 178 274 27 45 94 145 270 154 93 654 
305 145 768 174 43 876 254 22 278 783 147 125 138 
789 61 467 109 797 543 361 488 689 501 760 234 
95 858 20 544 718 55 25 467 799 94 748 
655 238 477 358 503 743 492 194 405 703 184 
844 833 797 21 881 260 348 81 156 66 719 357 
56 117 54 480 543 168 420 
529 72 477 275 318 120 
833 669 197 155 588 521 838 
509 797 632 595 415 580 818 427 368 811 230 884 379 341 
762 538 385 432 38 
344 394 860 104 690 133 234 830 208 500 42 258 715 
648 260 450 378 238 422 567 438 798 477 
15 499 249 566 177 203 610 674 166 566 397 243 105 
470 242 745 905 52 33 261 
795 595 387 537 41 545 181 622 132 575 178 477 
217 730 700 222 170 249 716 82 0 83 
453 834 503 316 471 33 135 106 
57 25 853 797 261 291 32 615 
417 229 208 871 118 308 521 432 
561 848 273 292 179 450 222 224 476 313 242 24 83 224 
409 286 470 543 468 639 432 716 66 144 632 
467 654 317 133 422 843 639 178 408 27 18 
207 237 165 222 690 442 617 325 658 
20 890 178 760 685 492 572 413 674 800 468 21 8 170 
520 163 568 238 455 561 771 
385 713 833 655 802 865 674 3 200 264 403 237 696 
284 732 869 
27 389 30 726 
251 696 421 106 336 559 177 720 
153 817 670 594 260 277 688 
481 554 458 884 117 40 180 65 573 178 
543 278 71 353 494 
24 797 287 278 
222 850 277 8 417 714 409 
3 17 125 318 667 370 
55 358 12 147 767 709 268 176 265 903 
33 516 518 235 476 301 
201 55 270 713 546 870 816 172 30 294 
450 137 313 354 209 147 420 238 374 177 161 165 54 51 
284 242 344 887 338 382 477 39 287 231 379 
659 431 654 485 26 907 731 173 610 354 120 358 641 15 
264 118 889 133 302 260 165 432 49 467 432 692 905 835 
3 653 242 33 678 
610 41 794 399 218 562 106 285 94 
471 222 207 46 768 265 431 520 295 889 
378 274 453 492 858 125 874 318 25 442 255 65 27 655 
701 20 362 856 467 455 336 293 193 21 168 
465 826 273 201 192 304 
485 90 689 615 157 
222 161 626 172 714 402 409 45 
561 87 207 222 317 836 149 530 115 716 476 24 530 720 
182 615 366 635 194 876 31 
361 862 913 173 366 395 481 738 591 207 909 
561 632 304 341 222 468 113 699 450 60 681 736 476 72 
458 703 495 913 737 31 173 853 
83 258 188 275 2 357 611 0 15 863 708 596 816 42 
234 133 484 64 145 868 452 18 550 
709 858 610 191 145 140 
703 234 593 430 757 151 490 216 764 814 80 
45 128 415 426 860 55 182 65 174 480 515 2 25 81 
