1329 1127 978 681 
890 
283 1175 63 415 753 189 395 
1243 153 770 1174 828 278 1215 
1041 305 925 1110 634 1195 934 
832 229 465 500 
562 44 363 333 828 
242 628 
16 475 
863 1282 1233 
1086 825 72 
410 
755 347 26 24 494 7 
20 1004 195 1303 1168 416 
1265 569 1030 446 1164 33 1000 
185 1241 890 454 278 
574 890 
50 808 1077 
1134 832 
626 330 1056 1198 818 766 862 
1291 334 88 128 
1238 363 500 912 1215 1178 246 
832 1265 1030 446 
1075 413 864 1150 1008 290 
643 954 357 5 942 
915 209 245 53 100 93 199 
300 134 749 635 252 523 
1154 867 740 977 
890 941 618 696 
794 502 40 1195 
1262 1055 899 619 585 
200 884 147 299 1312 
246 1075 1156 1041 
528 1065 143 418 1053 
1084 839 403 1095 
131 505 584 706 819 313 
232 1081 
384 477 293 970 39 1309 
300 1192 
794 155 963 438 
1120 1288 246 410 
1186 116 1158 
275 390 400 
1095 326 1067 1220 
1062 112 1294 
523 190 
1289 1083 1324 246 458 908 
525 952 1192 1305 
357 20 
1193 296 42 67 856 
1143 225 877 1294 110 189 
1165 1029 754 907 966 
303 1274 248 376 
523 190 536 467 
373 581 316 788 135 694 626 
430 1203 978 375 
633 1210 179 
939 
649 528 1121 1154 
421 284 31 210 499 281 
964 84 136 202 233 
1176 994 890 277 113 1083 
223 1205 28 1299 
629 466 327 874 1301 1044 
924 434 520 
1262 790 279 585 
872 336 953 
497 464 406 164 718 155 769 
1021 942 409 1053 270 
139 990 109 1232 2 1183 668 
161 632 419 336 1153 96 1186 
76 1203 876 
773 194 822 209 781 1289 
879 115 500 1261 1258 
263 950 974 284 679 
399 104 947 5 227 
173 138 512 214 1259 859 514 
573 366 516 
767 1216 634 500 417 1318 591 
456 145 
602 162 490 
878 479 
1021 410 1328 66 1248 398 270 
1029 907 966 
611 1131 195 413 1021 838 1222 
94 1235 1224 
259 377 75 1128 
235 1247 804 172 
972 938 528 1022 304 355 
1283 649 937 991 778 
694 
