275 368 605 
8 481 430 
97 20 476 
369 851 379 
750 507 805 
491 744 264 
698 613 876 
42 467 868 
892 822 905 
258 115 196 
797 795 86 
606 561 843 
332 147 709 
613 20 415 
174 364 189 
438 166 221 
731 850 344 
409 27 689 
194 672 33 
125 487 8 
168 5 793 
744 500 502 
60 10 97 
260 600 525 
873 2 775 
52 84 849 
98 238 432 
717 133 690 
83 595 491 
36 737 213 
261 698 61 
391 153 744 
720 145 575 
97 815 692 
72 258 31 
402 144 379 
655 566 152 
634 108 558 
491 654 537 
884 420 313 
626 525 889 
512 604 168 
379 507 518 
168 72 22 
161 246 304 
179 83 12 
347 343 32 
520 480 865 
677 275 558 
424 207 798 
253 161 750 
261 615 52 
560 15 222 
291 161 673 
139 716 838 
795 395 748 
47 232 664 
692 140 364 
273 8 560 
495 31 812 
390 508 602 
168 735 135 
15 533 238 
17 382 795 
575 264 471 
42 139 704 
5 18 687 
260 545 525 
157 84 729 
122 208 385 
693 260 265 
151 859 253 
86 168 193 
654 42 500 
479 885 220 
232 704 667 
202 587 600 
527 106 301 
795 364 754 
610 444 843 
481 238 507 
279 165 578 
816 876 750 
590 55 274 
843 218 687 
491 629 192 
20 727 277 
108 336 270 
245 80 735 
211 430 254 
455 814 703 
631 182 229 
858 573 379 
192 185 521 
64 287 61 
150 785 357 
180 404 136 
121 426 72 
122 415 673 
