257 1 
771 208 
143 677 
653 596 
1278 358 
76 233 
775 234 
1189 90 
49 53 
322 186 
6 286 
810 111 
990 296 
211 1177 
354 96 
134 88 
796 155 
760 590 
755 111 
536 623 
1093 631 
684 1303 
1116 537 
38 393 
762 360 
1149 18 
724 882 
316 333 
76 1160 
291 308 
376 1030 
90 701 
753 1162 
155 791 
1142 104 
497 1061 
638 196 
219 588 
486 841 
581 289 
569 842 
269 412 
497 514 
189 1022 
652 271 
375 1038 
995 1207 
134 186 
775 994 
193 270 
1187 61 
402 1050 
867 1207 
763 873 
91 315 
1244 1122 
336 197 
423 275 
383 682 
237 254 
422 253 
264 1278 
618 938 
267 1216 
31 1030 
735 1213 
8 61 
1288 134 
711 550 
879 1272 
689 823 
1001 474 
723 16 
345 769 
875 1040 
1017 2 
1061 1216 
1050 247 
418 890 
200 1125 
77 701 
1277 426 
904 879 
291 1028 
316 455 
455 899 
581 788 
200 933 
1017 964 
900 124 
915 188 
114 240 
1059 174 
882 9 
137 741 
1059 1062 
