648 380 49 399 
677 257 634 106 
439 530 810 203 
37 112 433 331 
244 69 
801 400 
549 71 623 321 
290 131 345 433 
130 225 640 
401 3 150 667 
68 630 315 667 
36 607 59 255 
54 415 610 
639 19 734 770 
26 250 163 320 
548 93 29 642 
620 235 263 388 
212 517 229 376 
627 26 14 622 
203 0 628 576 
321 33 561 469 
380 563 579 317 
598 
457 351 29 402 
244 118 611 
729 691 257 7 
213 518 77 
549 20 268 141 
619 609 196 805 
691 292 
446 54 
203 321 183 763 
131 396 650 86 
105 263 203 703 
84 181 725 282 
38 332 130 311 
338 738 25 190 
774 59 465 805 
562 16 384 689 
305 163 58 456 
512 131 746 510 
221 778 256 105 
49 5 153 25 
417 723 220 824 
277 44 310 167 
85 136 95 
550 225 748 670 
432 190 
776 431 335 181 
198 29 204 658 
707 459 228 776 
390 605 202 810 
307 130 242 792 
687 616 
790 118 121 58 
163 17 87 
303 455 414 331 
157 64 763 328 
367 337 8 552 
820 435 96 20 
40 526 121 238 
809 490 435 256 
133 816 303 205 
433 345 8 440 
399 446 380 234 
216 138 562 409 
515 238 622 0 
739 35 196 579 
5 36 187 
444 77 641 39 
371 232 253 194 
85 331 17 113 
190 125 176 470 
568 359 38 650 
444 647 487 
264 522 815 
108 784 431 821 
337 689 611 176 
295 431 113 634 
476 142 190 627 
88 529 
90 240 732 113 
471 818 562 400 
706 627 190 522 
455 482 58 85 
432 584 
709 
258 253 285 552 
157 200 35 779 
160 139 277 150 
807 240 370 359 
755 105 136 351 
172 627 
133 200 343 398 
612 146 816 342 
311 264 387 73 
44 687 499 579 
369 677 365 605 
68 
256 264 710 133 
