539 34 211 699 67 326 28 
180 80 166 387 173 408 
563 594 5 1 127 328 318 
21 476 13 271 44 
653 180 540 250 28 
687 682 429 556 344 695 23 
443 
342 290 1 185 188 441 246 
335 142 151 528 
682 
35 164 109 559 381 507 397 
52 183 272 644 466 205 301 
342 596 109 80 
144 14 279 420 
187 181 169 
223 
287 142 555 294 
195 45 209 49 199 461 
560 0 315 
68 392 500 582 673 44 103 
175 102 91 29 397 483 
56 505 94 64 
229 122 578 4 
555 153 416 94 245 539 
181 213 188 433 649 
170 682 234 
102 190 590 481 219 138 2 
619 44 139 118 
323 78 262 363 164 399 268 
563 500 156 
239 271 639 179 
3 98 662 490 570 80 443 
57 340 383 325 
5 571 380 1 
461 345 476 57 595 249 
2 113 
363 233 682 588 376 
678 398 310 504 159 279 
370 283 57 89 543 380 172 
288 341 
379 44 67 338 
271 314 658 
382 221 188 290 
161 427 571 60 560 69 
369 138 318 518 181 294 439 
113 192 
44 
273 
23 
314 272 106 328 66 
562 543 127 
664 114 264 17 295 394 371 
272 367 316 212 133 
166 427 373 48 305 
369 461 56 663 286 
490 93 671 369 
328 674 210 
159 638 16 504 21 250 88 
644 371 166 
522 521 257 606 156 453 610 
694 
573 
94 331 142 184 442 513 666 
227 499 230 
180 584 219 
340 581 220 379 307 72 
288 271 339 13 591 144 4 
109 69 490 532 127 67 
18 443 568 
218 429 268 338 497 11 
479 
342 393 222 143 161 
497 206 341 
483 679 590 101 342 
671 52 160 220 220 337 622 
110 38 328 547 447 
225 218 566 496 521 
220 458 426 
138 348 204 624 
61 571 17 371 
125 335 612 167 
338 206 370 579 153 487 372 
21 290 271 479 
619 44 
588 
3 571 
59 46 370 677 36 658 
389 549 644 242 393 547 319 
390 578 221 539 
462 558 21 29 
232 357 321 248 188 
171 194 91 370 
675 594 5 
15 390 674 
173 166 687 544 158 652 
