215 32 646 813 
490 215 394 401 
315 343 413 888 
108 316 51 601 
84 243 179 152 
177 468 144 347 
84 611 906 4 
701 223 414 624 
143 32 238 237 
162 32 646 254 
872 324 637 530 
651 888 77 135 
280 641 216 628 
751 489 1 260 
279 696 118 553 
132 429 198 192 
758 161 98 614 
13 117 173 155 
300 710 872 143 
318 732 500 652 
23 500 178 42 
84 501 182 431 
834 492 140 900 
394 253 5 168 
146 812 742 476 
620 41 620 132 
792 108 784 249 
229 150 132 270 
580 314 854 716 
387 368 461 357 
527 146 687 742 
475 877 130 776 
354 576 454 637 
652 175 258 633 
144 74 55 490 
350 65 630 286 
519 564 243 389 
491 25 106 8 
395 135 859 0 
475 450 795 326 
617 350 558 41 
486 238 115 42 
174 40 261 604 
366 490 139 792 
333 366 859 594 
168 585 751 447 
476 253 72 45 
72 175 315 617 
409 527 254 90 
259 378 593 467 
237 32 795 368 
144 318 354 874 
483 386 454 402 
705 96 209 192 
480 689 21 271 
260 805 249 465 
33 43 724 271 
604 193 21 763 
665 838 680 106 
54 398 175 55 
209 594 542 114 
608 65 354 368 
64 490 280 5 
663 408 144 859 
624 291 266 154 
551 845 97 82 
370 888 559 713 
260 97 242 265 
139 103 207 317 
812 652 135 449 
64 261 465 501 
55 129 593 207 
431 611 25 25 
173 480 611 39 
540 55 22 854 
663 390 275 486 
430 124 758 747 
670 760 193 116 
161 343 321 214 
223 722 49 694 
823 470 229 449 
378 366 398 8 
420 822 795 420 
687 611 284 68 
739 65 115 707 
1 468 302 221 
61 370 789 133 
224 788 420 318 
421 566 212 847 
82 41 703 261 
476 358 95 337 
854 8 411 127 
607 324 585 238 
170 179 371 543 
344 261 224 172 
2 319 117 566 
414 683 115 286 
577 515 203 266 
735 559 402 594 
703 8 672 699 
