234 414 341 
429 595 519 
778 21 20 
190 501 165 
681 810 141 
421 397 241 
716 264 677 
810 509 69 
608 21 614 
705 90 652 
302 182 3 
179 122 8 
210 622 161 
216 116 456 
217 523 452 
716 804 246 
408 614 296 
68 496 891 
42 43 32 
173 133 300 
688 7 367 
494 71 296 
72 238 232 
238 42 178 
72 6 354 
81 579 261 
844 910 388 
278 293 822 
580 64 80 
161 320 607 
39 15 623 
687 2 401 
222 414 393 
144 476 87 
151 590 557 
242 163 282 
552 846 416 
674 197 41 
177 173 664 
84 341 284 
759 878 398 
125 147 56 
661 357 412 
125 622 234 
852 587 758 
261 402 669 
261 410 669 
177 216 203 
733 260 5 
64 177 593 
386 734 210 
42 133 393 
708 569 66 
401 33 494 
196 207 473 
216 95 575 
543 43 811 
427 237 647 
133 15 139 
261 12 3 
394 670 238 
263 895 82 
105 469 284 
42 391 130 
116 191 291 
3 116 191 
27 645 664 
530 41 473 
265 17 367 
258 811 278 
589 779 231 
108 879 555 
25 853 875 
606 416 103 
709 193 161 
211 486 332 
318 476 891 
899 611 727 
209 657 185 
190 128 696 
243 234 213 
161 106 628 
401 541 402 
500 715 270 
106 42 689 
846 899 305 
121 344 5 
160 350 409 
51 848 844 
24 180 206 
398 59 293 
341 1 457 
559 483 597 
571 601 425 
853 614 875 
130 630 538 
579 8 610 
607 71 522 
470 806 664 
