875 841 668 8 
192 349 195 618 
255 330 215 182 
724 657 361 3 
855 761 246 416 
669 138 617 27 
790 215 494 694 
429 165 336 104 
342 51 245 64 
561 62 647 170 
763 781 242 226 
382 125 459 411 
404 448 5 94 
321 682 860 26 
423 213 600 224 
27 154 5 827 
42 507 281 332 
849 292 313 119 
2 425 10 593 
698 755 324 157 
812 545 874 356 
56 474 638 25 
391 678 607 85 
24 177 541 162 
883 106 389 772 
643 2 694 798 
641 590 137 5 
51 210 490 425 
43 548 605 722 
392 118 677 507 
683 586 256 512 
390 27 257 304 
623 317 570 149 
421 304 38 474 
397 309 94 787 
825 175 7 165 
715 72 191 64 
691 27 79 466 
370 249 51 3 
419 771 715 43 
75 376 269 677 
266 638 115 364 
114 483 26 389 
693 653 672 150 
519 189 249 88 
339 440 65 562 
92 856 483 489 
249 21 576 824 
273 254 274 500 
2 198 812 128 
468 810 461 559 
766 540 64 824 
727 273 162 204 
618 707 100 54 
448 694 638 784 
8 403 349 511 
808 373 158 280 
597 270 528 468 
18 170 63 0 
138 273 722 204 
593 460 271 469 
151 672 469 769 
260 498 206 797 
32 140 204 27 
852 257 701 63 
494 133 468 583 
597 18 154 215 
142 287 719 0 
585 633 162 778 
62 755 243 862 
189 862 479 867 
494 27 827 217 
336 654 47 838 
55 71 390 817 
730 119 512 611 
827 652 369 174 
530 149 138 786 
597 419 174 93 
274 559 768 738 
8 63 519 174 
357 271 30 190 
55 55 578 160 
77 637 119 59 
304 138 234 730 
137 692 42 175 
403 21 381 365 
174 171 242 257 
12 556 312 385 
171 549 238 269 
189 363 104 135 
425 583 855 176 
311 27 187 604 
229 42 175 230 
534 339 437 678 
229 791 341 39 
646 670 715 131 
250 381 559 138 
42 56 445 458 
20 548 304 424 
27 232 424 287 
