278 221 177 
603 526 806 
221 344 810 
127 203 121 
790 264 153 
570 801 64 
683 792 364 
607 277 175 
463 571 558 
214 238 382 
201 470 429 
668 572 363 
726 254 145 
414 683 180 
339 367 733 
242 358 827 
222 135 84 
791 23 8 
883 125 126 
585 293 607 
848 178 603 
145 5 132 
210 81 2 
378 579 140 
240 421 238 
449 772 455 
60 837 8 
797 258 203 
137 398 558 
780 261 151 
94 592 490 
661 260 504 
106 725 844 
480 277 425 
200 278 277 
707 66 412 
328 39 33 
139 229 168 
745 144 713 
162 718 42 
84 416 476 
900 607 354 
366 5 549 
46 117 496 
242 414 740 
72 394 77 
708 847 436 
216 95 832 
385 555 832 
261 80 326 
290 628 71 
429 695 607 
42 898 368 
249 277 178 
95 359 136 
118 552 334 
694 298 47 
430 258 733 
408 515 368 
728 124 852 
883 284 84 
15 480 776 
810 501 490 
810 852 161 
810 491 427 
270 552 284 
651 310 889 
489 476 707 
216 449 370 
879 501 64 
782 378 646 
289 244 153 
208 368 254 
844 749 501 
194 3 207 
817 548 185 
301 1 607 
15 593 265 
27 173 739 
5 505 516 
543 816 393 
178 476 275 
194 179 592 
386 267 635 
326 701 1 
177 273 5 
475 155 366 
207 345 466 
394 805 130 
708 151 343 
87 749 862 
354 95 508 
64 810 489 
490 872 302 
238 429 84 
467 570 97 
558 607 20 
343 592 711 
673 384 264 
490 490 315 
