500 502 
715 81 
387 83 
249 258 
170 819 
278 700 
615 345 
224 458 
511 789 
771 425 
242 880 
409 468 
906 168 
582 799 
155 366 
17 864 
508 368 
482 467 
26 182 
218 45 
45 581 
706 432 
546 578 
275 260 
580 151 
285 178 
357 55 
435 467 
442 872 
96 347 
368 278 
415 84 
287 238 
561 86 
515 801 
279 554 
369 791 
284 610 
516 103 
38 265 
140 476 
8 197 
691 264 
243 399 
734 610 
279 177 
704 399 
436 155 
318 156 
174 71 
739 735 
390 802 
366 706 
405 426 
795 168 
179 173 
689 388 
414 161 
151 42 
378 659 
631 286 
550 881 
861 5 
222 368 
402 90 
732 362 
799 573 
877 154 
107 26 
395 631 
345 64 
95 113 
387 267 
902 182 
412 431 
246 719 
735 409 
261 316 
222 375 
15 264 
495 876 
845 30 
502 84 
368 845 
463 223 
21 132 
39 180 
834 828 
427 477 
100 795 
647 499 
130 653 
161 807 
765 177 
