597 
37 
203 50 576 584 
32 96 441 
430 184 
242 354 277 318 
187 230 650 
1 77 246 269 
181 238 609 
721 62 
542 772 
676 60 144 600 
569 408 
346 554 586 
738 187 87 590 
500 5 40 684 
772 747 154 730 
529 286 551 415 
80 720 118 
218 582 118 766 
601 470 
43 
56 
121 
599 
51 78 
606 701 
609 
143 290 
471 203 77 193 
336 399 567 464 
308 255 763 
236 155 
355 171 274 
704 
437 335 638 491 
432 
752 185 520 352 
96 
405 125 286 247 
569 327 185 266 
251 
291 
277 8 607 
425 290 
358 161 738 
688 8 215 541 
336 325 437 340 
154 574 35 758 
606 322 
110 270 212 60 
345 314 179 40 
238 590 277 
167 590 
281 652 155 298 
93 537 280 
127 
635 308 732 528 
706 682 
198 681 503 334 
117 96 
198 178 
183 110 287 
427 35 336 96 
86 329 
670 490 79 
92 233 690 
418 
304 355 247 
601 226 626 310 
253 
120 
66 36 
415 
590 185 
497 187 496 561 
521 616 
216 
437 335 
688 
127 510 588 530 
497 446 180 169 
306 247 633 
449 
