253 123 
962 708 
666 985 
1074 13 
338 281 
760 5 
191 599 
1064 671 
780 196 
793 1051 
628 344 
384 659 
113 12 
218 89 
802 253 
938 121 
169 747 
97 868 
1116 747 
694 665 
507 894 
190 100 
295 840 
42 1051 
99 357 
859 337 
345 571 
580 917 
871 523 
85 403 
671 190 
201 967 
1029 701 
861 216 
249 210 
30 202 
33 382 
169 389 
179 931 
705 651 
1031 989 
452 476 
624 996 
183 1108 
335 447 
905 366 
257 884 
757 942 
304 192 
283 222 
992 737 
470 59 
721 196 
546 141 
517 709 
803 66 
421 1011 
503 965 
297 273 
986 803 
63 728 
1088 431 
456 7 
1072 905 
475 941 
248 667 
929 510 
677 65 
222 683 
65 656 
1023 568 
37 757 
24 477 
410 540 
549 1077 
63 1075 
907 741 
717 99 
235 748 
855 63 
303 163 
997 67 
1116 518 
521 780 
604 967 
644 426 
155 594 
373 936 
842 1076 
809 493 
607 898 
65 633 
30 312 
258 25 
