26 156 
368 151 150 251 41 
84 282 34 227 
70 458 41 113 186 
115 85 312 24 
76 49 68 
264 364 113 227 106 
302 393 243 89 275 
400 
228 148 102 
259 204 63 272 5 
92 
63 122 130 363 172 26 277 
257 416 
26 18 
123 411 328 199 234 34 
203 348 242 76 
317 6 438 232 271 146 379 
89 451 89 50 
306 265 167 424 151 
349 92 433 68 401 
64 394 135 369 82 301 
67 16 85 
320 
410 412 142 43 59 
191 441 161 203 188 240 140 
356 59 398 424 157 
150 
176 462 257 341 38 334 186 
50 405 317 271 136 
432 394 270 73 21 
202 470 173 68 
290 424 66 
44 
341 92 3 300 447 
272 139 
405 137 341 286 58 31 314 
68 213 16 432 316 
24 88 411 217 177 
185 
115 
85 99 347 204 431 132 
114 411 
364 168 458 146 
379 102 394 447 
402 
45 371 411 147 
204 158 394 210 411 
44 
44 265 289 89 
461 260 290 
415 28 
214 405 16 464 88 204 67 
394 37 301 260 
443 367 418 289 
217 472 272 
267 142 214 393 151 18 245 
3 
5 65 447 233 70 247 
183 286 
33 285 59 376 45 394 
225 301 401 
243 266 356 204 
370 291 1 321 406 52 
271 92 2 158 26 
125 384 418 432 89 217 
376 354 89 80 
203 424 
194 219 23 295 160 468 102 
447 
84 322 412 34 
464 
236 
260 215 204 418 
407 271 265 227 236 
447 186 8 257 
110 
303 215 204 16 16 227 290 
197 281 140 
296 90 187 
370 460 191 
276 447 
412 331 70 127 
291 384 253 
242 432 199 
45 104 451 293 217 
379 
38 291 1 52 
225 89 379 
360 26 
136 28 364 286 148 232 
28 169 
225 453 145 271 32 156 173 
454 277 182 
114 209 173 54 302 161 
185 
448 5 315 52 
343 201 314 89 
